Mock_Flg22_vs_Mock,HKSynCom33_Flg22_vs_HKSynCom33,HKSynCom35_Flg22_vs_HKSynCom35,SynCom33_Flg22_vs_SynCom33,SynCom35_Flg22_vs_SynCom35,HKSynCom33_vs_Mock,HKSynCom35_vs_Mock,SynCom33_vs_Mock,SynCom35_vs_Mock,SynCom33_vs_SynCom35,HKSynCom33_vs_HKSynCom35,HKSynCom33_Flg22_vs_Mock,HKSynCom35_Flg22_vs_Mock,SynCom33_Flg22_vs_Mock,SynCom35_Flg22_vs_Mock,SynCom33_Flg22_vs_SynCom35_Flg22,HKSynCom33_Flg22_vs_HKSynCom35_Flg22,HKSynCom33_Flg22_vs_Mock_Flg22,HKSynCom35_Flg22_vs_Mock_Flg22,SynCom33_Flg22_vs_Mock_Flg22,SynCom35_Flg22_vs_Mock_Flg22,SynCom33_vs_HKSynCom33,SynCom35_vs_HKSynCom35,category,term,size
21.350399293386246,33.219280948873624,41.663712948157404,9.741854881312909,0,0,0,35.95072993580349,30.248967445381407,11.446041135109581,0,33.86416685706305,36.16743917078403,36.753398369477104,31.54839892325714,5.711218452009503,0,0,0,22.89439883249209,24.52996332867271,31.12370576605832,25.382145483108907,GO:0042744,hydrogen peroxide catabolic process,103
12.444508959259872,20.583378478851294,30.126190889840505,0,0,0,0,19.21623689234959,9.722125241441853,18.320684248880312,0,19.33001841915524,17.404624353414015,13.55092447485483,9.546535939849196,9.776931995066214,0,0,0,5.977837237248842,6.565153677644344,17.643708615491338,9.710547413983356,GO:0006979,response to oxidative stress,376
8.852651694809328,15.162767125908273,17.610445004258835,18.401319940608225,0,0,0,0,8.518582294583277,0,0,18.543749614274084,22.03439208470973,13.47722576271842,11.223660767526722,0,0,0,0,13.085909090451505,12.849054848763425,0,8.590819413093033,GO:0042545,cell wall modification,51
8.386996914800955,24.402391375959656,21.11747764216049,16.87169733130194,0,0,0,4.836507337826064,11.569157080557446,0,0,27.581752831434816,30.686500375822806,16.54508401395279,14.39991410564257,0,0,0,0,14.392058001856867,11.33165110323076,5.320495319695408,11.575864257427467,GO:1901430,positive regulation of syringal lignin biosynthetic process,2
7.564060219706195,12.506249109560802,9.394316153556522,12.541797401956131,0,0,0,10.035981072681132,18.19607650050041,0,0,23.048784602459307,17.640041121991317,16.563658359679707,14.294549805860965,6.571939580506145,0,0,0,9.256231313284431,11.914114045112356,8.18616940218607,10.703305842872062,GO:0045490,pectin catabolic process,65
7.3061037207061625,6.382442585836469,5.6320183995977935,5.492029638283348,0,0,0,0,0,0,0,5.922086779194781,5.69738455303935,0,0,0,0,0,0,0,0,0,0,GO:0009187,cyclic nucleotide metabolic process,2
7.271998827969078,6.273745603319955,5.577461114624865,5.472732475581424,0,0,0,0,0,0,0,5.864742688236917,5.621557834216939,0,0,0,0,0,0,0,0,0,0,GO:0042659,regulation of cell fate specification,3
5.771969287269702,0,0,0,0,0,0,0,0,0,0,0,0,0,0,0,0,0,0,0,0,0,0,GO:0046256,"2,4,6-trinitrotoluene catabolic process",2
5.439490224988508,0,0,0,0,0,0,0,5.432888553044949,0,0,0,0,0,0,0,0,0,0,0,0,0,0,GO:1901599,(-)-pinoresinol biosynthetic process,2
5.41886575605232,0,0,0,0,0,0,0,0,8.772518466805321,0,0,0,8.210218084241683,0,23.385146589166332,0,0,0,0,0,4.4739355163138015,0,GO:0019427,acetyl-CoA biosynthetic process from acetate,4
5.143124679434799,0,0,0,0,0,0,0,0,0,0,0,0,0,0,0,0,0,0,0,0,0,0,GO:0006083,acetate metabolic process,5
5.075607222435502,0,7.527937299609796,0,0,0,0,0,0,11.338385244684329,0,7.687126852660488,7.330930965230727,9.794137278765081,0,21.381984421317213,0,0,0,6.288749778832119,0,6.621541021813949,0,GO:0071555,cell wall organization,285
5.003702929213141,0,0,0,0,0,0,0,0,0,0,0,0,0,0,0,0,0,0,0,0,0,0,GO:0006536,glutamate metabolic process,6
4.929966585026666,17.090502046172308,13.581332706419918,5.023912481242114,0,0,0,14.12539144142761,5.8285892051563595,42.847832397634754,0,9.20854384387188,12.863358839348928,12.363189761647972,10.045624758851828,11.667683033869308,0,0,0,6.34613992901491,0,18.741828812649572,7.523358014501606,GO:0006538,glutamate catabolic process,6
4.817884307736181,0,0,0,0,0,0,0,0,0,0,0,0,0,0,0,0,0,0,0,0,0,0,GO:0006488,dolichol-linked oligosaccharide biosynthetic process,13
4.6499452705309405,0,6.697096224646917,0,0,0,0,5.150397210267226,0,6.372311230529918,0,6.8468732403571755,6.486989046370526,10.409860287976022,0,10.467193495421682,0,0,0,7.834041141763895,0,8.287663161462621,5.201413185911285,GO:0048829,root cap development,20
4.645580958419009,0,0,0,0,0,0,50.57188619498446,12.916127245325995,41.673072413350674,0,0,0,16.29831191093243,13.261970516632282,10.675973882490888,0,0,0,25.891531495101205,11.698621026838637,51.729605364062216,9.896393776875403,GO:0000272,polysaccharide catabolic process,17
4.328735084794754,0,0,0,0,0,0,0,0,0,0,0,0,0,4.363913778453509,0,0,0,0,0,0,0,0,GO:0009807,lignan biosynthetic process,16
0,0,5.767377822577734,0,0,0,0,0,0,0,0,0,0,0,0,0,0,0,0,0,0,0,0,GO:0006032,chitin catabolic process,19
0,0,0,0,0,0,0,0,0,11.097445258365124,0,0,0,0,0,7.2692460998352795,0,0,0,0,0,0,0,GO:0019762,glucosinolate catabolic process,27
0,0,0,0,0,0,0,0,0,0,0,0,0,0,0,4.9302496491571,0,0,0,0,0,0,0,GO:0055114,oxidation-reduction process,1349
0,15.273085030698416,5.2350294117279255,0,0,0,0,7.791143367507738,4.491953888033566,0,0,13.55230055539849,12.80365831176069,6.449908313783591,4.728911703634987,0,0,0,0,7.55831951145857,7.721487886427531,8.224741511558394,6.340429747023084,GO:0010102,lateral root morphogenesis,27
0,0,0,6.581885916583309,0,0,0,0,15.295856947534853,0,0,0,0,7.049842380266005,24.200400767838502,6.513059319864448,0,0,0,5.326123238302239,24.7637397588269,4.323434466938019,12.400484435925069,GO:0016998,cell wall macromolecule catabolic process,26
0,14.236328047100034,4.839027447527066,0,0,0,0,6.920363184884154,5.381294965394901,0,0,12.699836664189187,11.886740495367828,7.468980021164058,7.611099041006877,0,0,0,0,6.750092674304254,8.858401653057937,7.361893291736461,7.329179378131261,GO:0019760,glucosinolate metabolic process,41
0,0,11.51683411092138,0,0,0,0,7.869134175967665,0,10.39902331611008,0,4.51661626263215,0,6.173465085863888,0,11.93151739082921,0,0,0,0,0,10.67078662800889,0,GO:0009651,response to salt stress,699
0,0,0,0,0,0,0,0,0,5.406815835640065,0,0,0,6.199019707906333,0,0,0,0,0,0,0,0,0,GO:0005975,carbohydrate metabolic process,350
0,0,0,0,0,0,0,0,0,5.3608356090572915,0,0,0,0,0,6.023160328962275,0,0,0,0,0,6.270487370481137,0,GO:0010411,xyloglucan metabolic process,48
0,0,11.227984709044563,0,0,0,0,7.5263742872038435,0,10.088684500245218,0,4.405529785996453,0,5.7621993159419445,0,14.57141821650498,0,0,0,0,0,10.250396409910078,0,GO:0009733,response to auxin,315
0,0,0,0,0,0,0,12.111280775740335,10.728986800695138,21.636081982748443,0,0,0,0,6.407651782302396,11.493851331220746,0,0,0,0,0,8.861143632598399,12.543516827997681,GO:0006631,fatty acid metabolic process,63
0,0,0,0,0,0,0,6.216561358432196,0,13.356892156259981,0,0,0,8.943317905058834,0,12.876074125239937,0,0,0,4.643620354740637,0,12.17229950266878,0,GO:0042546,cell wall biogenesis,53
0,0,0,0,0,0,0,4.962156002755156,5.013598399672054,0,0,0,0,0,0,6.54779904838427,0,0,0,0,5.880042238724983,8.819541963339159,7.342801685026356,GO:0009407,toxin catabolic process,52
0,0,6.302981880112476,0,0,0,0,39.75497015441534,28.762046672783626,43.83674435688747,0,0,0,43.4709781723021,31.741906798370465,12.948601666449447,0,0,0,30.170960691493374,17.886166460079593,38.21755266157867,35.06921002256121,GO:0009809,lignin biosynthetic process,67
0,5.374088600339051,0,0,0,0,0,0,0,8.70382291443245,0,0,0,0,0,9.484452244815026,0,0,0,0,0,6.409723565650331,0,GO:0051707,response to other organism,63
0,0,0,0,0,0,0,0,0,0,0,5.893707875141906,0,0,0,0,0,0,0,0,0,0,0,GO:0006749,glutathione metabolic process,57
0,0,11.137650212012652,0,0,0,0,17.172740338122942,11.644863630454731,14.867840319960994,0,4.6460531696858025,0,6.221600504534788,8.701270004590937,9.001591563163483,0,0,0,6.075111152240215,10.615504016048373,18.78175215402009,10.19462694580545,GO:0009058,biosynthetic process,110
0,0,0,0,0,0,0,0,5.414256887654033,0,0,0,0,0,0,0,0,0,0,0,11.074915440604485,0,0,GO:0016042,lipid catabolic process,131
0,0,0,0,0,0,0,20.43302927385336,0,28.280020156005186,0,0,0,9.669563174033666,6.359443251244683,14.961030145419006,0,0,0,11.320555259448327,7.293052177681524,19.131349219300947,0,GO:0010200,response to chitin,152
0,0,0,0,0,0,0,0,0,11.975538365892739,0,0,0,0,0,13.092395934737908,0,0,0,0,0,0,0,GO:0009723,response to ethylene,176
0,0,0,0,0,0,0,5.9587122439022195,0,0,0,0,0,0,0,0,0,0,0,0,0,0,0,GO:0006952,defense response,703
0,0,0,0,0,0,0,22.571097755663025,20.63097689250882,0,0,0,0,15.16213171015402,18.898873358780442,0,0,0,0,19.117656285161974,10.438587966622203,13.659097915727019,27.986431009406566,GO:0050832,defense response to fungus,271
0,0,0,0,0,0,0,26.498816575167307,37.85834776609977,6.504986693661892,0,0,4.66466840883502,34.7169777716859,42.036875211460014,11.150652907156825,0,0,0,33.78965991481165,24.719120717229128,14.660260036263137,39.04263851555024,GO:0055085,transmembrane transport,399
0,0,0,0,0,0,0,0,5.040004656356424,0,0,0,0,4.726805322031519,5.085783659753319,0,0,0,0,0,8.486355077478029,0,0,GO:0016310,phosphorylation,514
0,0,0,0,0,0,0,0,4.817872357685966,0,0,0,0,0,0,0,0,0,0,0,0,0,0,GO:0000003,reproduction,15
0,0,5.730496771644799,0,0,0,0,0,0,0,0,0,0,0,0,0,0,0,0,0,0,0,7.406670084386224,GO:0000024,maltose biosynthetic process,1
0,0,0,0,0,0,0,9.048097001016908,0,0,0,0,0,8.794792108121001,0,0,0,0,0,0,0,13.269323345862226,0,GO:0000025,maltose catabolic process,2
0,0,0,0,0,0,0,5.84010964901082,0,0,0,0,9.94748321822537,0,4.393295317810102,0,0,0,0,0,0,0,0,GO:0000079,regulation of cyclin-dependent protein serine/threonine kinase activity,50
0,0,0,0,0,0,0,0,0,0,0,0,0,0,5.351717410269827,0,0,0,0,0,0,0,6.8519238562257545,GO:0000301,"retrograde transport, vesicle recycling within Golgi",3
0,0,5.133185644080859,0,0,0,0,0,0,0,0,0,0,0,0,0,0,0,0,0,0,0,0,GO:0000304,response to singlet oxygen,10
0,0,0,0,0,0,0,0,0,4.502336639790316,0,0,0,0,0,0,0,0,0,0,0,0,0,GO:0000379,tRNA-type intron splice site recognition and cleavage,4
0,0,0,0,0,0,0,0,0,0,0,0,0,0,0,5.26047318377266,0,0,0,0,0,0,0,GO:0000380,"alternative mRNA splicing, via spliceosome",16
0,0,0,0,0,0,0,18.36678394564489,5.619816120971253,18.499518443399396,0,0,0,14.432106908623755,7.817086920915178,6.751297243194694,0,0,0,17.800371329978912,6.998831761802458,19.504481394489822,0,GO:0000381,"regulation of alternative mRNA splicing, via spliceosome",71
0,0,0,0,0,0,0,0,0,0,0,0,0,4.5215048332274215,4.665060924519364,0,0,0,0,6.9816243194292875,0,0,4.495578687210693,GO:0000388,spliceosome conformational change to release U4 (or U4atac) and U1 (or U11),2
0,0,0,0,0,0,0,0,0,5.127757172066408,0,0,0,0,5.4596972247168605,0,0,0,0,0,0,0,0,GO:0000389,mRNA 3'-splice site recognition,1
0,0,5.020073336248348,0,0,0,0,0,0,0,0,0,0,0,0,0,0,0,0,0,0,0,0,GO:0000390,spliceosomal complex disassembly,5
0,0,0,0,0,0,0,0,0,0,0,0,0,5.159378917077297,5.383193394146207,0,0,0,0,0,6.457594443456339,0,5.175020067947739,GO:0000413,protein peptidyl-prolyl isomerization,47
0,0,0,0,0,0,0,0,0,0,0,0,0,0,4.712337039561576,0,0,0,0,0,5.584655054186269,0,4.54226995783769,GO:0000466,"maturation of 5.8S rRNA from tricistronic rRNA transcript (SSU-rRNA, 5.8S rRNA, LSU-rRNA)",1
0,0,0,0,0,0,0,0,6.156983334279901,0,0,0,0,0,6.107375111331237,0,0,0,0,0,6.7336358174949345,0,5.943620035898577,GO:0000489,"maturation of SSU-rRNA from tetracistronic rRNA transcript (SSU-rRNA, LSU-rRNA, 4.5S-rRNA, 5S-rRNA)",2
0,0,5.644783401587113,0,0,0,0,0,0,0,0,0,5.681282241182893,0,0,0,0,0,0,0,0,0,0,GO:0000706,meiotic DNA double-strand break processing,4
0,0,0,0,0,0,0,5.966310170955436,4.44000000512654,0,0,0,0,0,0,0,0,0,0,0,0,6.263317008677012,0,GO:0001113,transcriptional open complex formation at RNA polymerase II promoter,4
0,0,0,0,0,0,0,0,0,0,0,0,0,0,0,0,8.617327983035072,0,0,0,0,0,0,GO:0001881,receptor recycling,5
0,0,0,0,0,0,0,0,0,0,0,0,0,0,0,0,6.875029043109256,0,0,0,0,0,0,GO:0002237,response to molecule of bacterial origin,39
0,0,0,0,0,0,0,0,0,5.485115286779765,0,0,0,0,0,0,0,0,0,0,0,0,0,GO:0006007,glucose catabolic process,3
0,0,5.366575107693535,0,0,0,0,7.766491557912063,0,0,0,0,0,0,0,0,0,0,0,0,0,0,0,GO:0006021,inositol biosynthetic process,6
0,0,0,5.04957190229306,0,0,0,0,0,0,0,0,0,0,0,0,0,0,0,0,0,0,0,GO:0006085,acetyl-CoA biosynthetic process,10
0,0,0,0,0,0,0,5.455606904917022,0,8.221243637585069,0,0,0,0,0,6.492645462610581,0,0,0,0,0,4.502632514467002,5.065721932359688,GO:0006096,glycolytic process,78
0,5.226343581747825,4.726403444385258,0,0,0,0,0,0,0,0,4.943831480806636,4.670378580204727,0,0,0,0,0,0,0,0,0,0,GO:0006164,purine nucleotide biosynthetic process,15
0,0,0,5.097085956280136,0,0,0,0,0,0,0,0,0,0,0,0,0,0,0,0,0,0,0,GO:0006167,AMP biosynthetic process,1
0,0,0,0,0,0,0,10.68065062916207,10.700395211578327,0,0,0,0,0,14.157419935947352,5.081857146498204,0,0,0,6.770203571290466,15.869942473501762,15.263240715466424,10.428323742375014,GO:0006188,IMP biosynthetic process,2
0,0,0,0,0,0,0,0,0,0,0,0,0,0,0,0,0,0,0,4.876851924675576,0,0,0,GO:0006207,'de novo' pyrimidine nucleobase biosynthetic process,13
0,0,0,0,0,0,0,0,0,0,0,0,0,5.700666538418697,0,0,0,0,0,4.428993926047536,0,0,0,GO:0006210,thymine catabolic process,4
0,0,0,0,0,0,0,0,0,0,0,0,0,4.921744852546377,0,0,0,0,0,0,0,0,0,GO:0006212,uracil catabolic process,3
0,0,0,0,0,0,0,0,4.324524066225179,0,0,0,0,9.677787148824853,4.459387805616276,4.693199702141969,0,0,0,6.2982858919194,0,0,0,GO:0006216,cytidine catabolic process,1
0,0,0,0,0,0,0,0,0,0,0,0,0,0,0,0,0,0,0,0,15.367881035143402,0,0,GO:0006218,uridine catabolic process,1
0,0,0,0,0,0,0,0,0,4.3507141920795815,0,0,0,0,0,0,0,0,0,0,0,0,0,GO:0006223,uracil salvage,2
0,0,0,0,0,0,0,0,6.107638384684081,4.555245581035529,0,0,0,0,0,6.926983947611061,0,0,0,0,0,0,0,GO:0006225,UDP biosynthetic process,2
0,0,0,0,0,0,0,0,0,0,0,0,0,4.618627024031799,4.794520579841557,4.783220924273343,0,0,0,0,5.802708832783037,0,4.583222669368095,GO:0006227,dUDP biosynthetic process,2
0,0,0,0,0,0,0,0,0,0,0,0,0,0,0,0,0,0,0,0,4.557526237454411,0,0,GO:0006228,UTP biosynthetic process,7
0,0,0,0,0,0,0,0,0,0,0,0,0,0,0,0,0,0,0,5.080684817239736,0,5.901507136150485,0,GO:0006233,dTDP biosynthetic process,2
0,0,0,0,0,0,0,0,0,0,0,0,0,5.565712846720656,0,8.24246072216889,0,0,0,0,0,0,0,GO:0006264,mitochondrial DNA replication,9
0,0,0,0,0,0,0,0,0,0,0,0,0,0,0,0,5.419072606489759,4.840083862541831,0,0,0,0,0,GO:0006265,DNA topological change,16
0,0,0,0,0,0,0,0,0,0,0,0,0,8.468991517823053,0,0,0,0,0,7.5378146241136985,0,0,0,GO:0006266,DNA ligation,3
0,0,0,0,0,0,0,0,0,0,0,0,0,0,0,0,0,7.032852272783082,0,0,0,0,0,GO:0006269,"DNA replication, synthesis of RNA primer",3
0,0,0,0,0,0,0,0,0,0,0,0,0,4.884388756516299,0,0,0,0,0,4.790072965693163,0,0,0,GO:0006279,premeiotic DNA replication,1
0,0,0,0,0,0,0,5.583161855720101,0,0,0,0,0,0,0,0,8.127215367351244,0,0,0,0,0,0,GO:0006281,DNA repair,226
0,0,0,0,0,0,0,0,0,0,0,0,0,0,0,5.406089775869214,0,0,0,0,0,0,0,GO:0006284,base-excision repair,39
0,0,0,0,0,0,0,0,4.496497852606568,0,0,0,4.521061757925595,0,4.544928797789871,0,0,0,0,0,0,0,0,GO:0006302,double-strand break repair,45
0,0,0,0,0,0,0,0,6.404175387346667,0,0,0,0,0,6.454456379534602,0,0,0,0,0,7.2655316997539074,0,0,GO:0006376,mRNA splice site selection,5
0,0,0,0,0,0,0,14.258603584930125,7.187234010985026,7.2038106363969625,0,0,0,13.510276724943036,9.69558919621756,0,0,0,0,11.628387520930879,8.90121980952581,12.872969243513303,8.783825694751688,GO:0006378,mRNA polyadenylation,39
0,0,0,0,0,0,0,4.891712805073405,0,0,0,0,0,7.56423390392932,5.264145649268575,0,0,0,0,11.53987395151323,0,0,4.882636009878673,GO:0006383,transcription by RNA polymerase III,11
0,0,0,0,0,0,0,0,0,0,0,0,0,4.56572721644387,0,0,0,0,0,0,0,0,0,GO:0006399,tRNA metabolic process,1
0,0,0,0,0,0,0,0,0,0,0,0,0,5.57906650615206,0,0,0,0,0,0,0,0,0,GO:0006408,snRNA export from nucleus,1
0,4.942209674156308,0,0,0,0,0,5.348788137219472,0,0,0,4.429376411536274,0,0,0,0,0,0,0,5.119939264122481,4.397590498342688,5.587546264396945,0,GO:0006417,regulation of translation,77
0,0,5.348652916419528,0,0,0,0,0,0,0,0,0,5.4971400402118675,0,0,0,0,0,0,0,0,0,0,GO:0006437,tyrosyl-tRNA aminoacylation,1
0,0,0,0,0,0,0,0,0,0,0,0,0,5.3722634011857675,0,0,0,0,0,0,0,0,0,GO:0006452,translational frameshifting,4
0,0,7.921257020043633,0,0,0,0,0,0,0,0,0,0,0,0,0,0,0,0,0,0,0,0,GO:0006457,protein folding,288
0,0,5.545437186668292,0,0,0,0,0,0,0,0,0,5.70037722997325,0,0,0,0,0,0,0,0,0,0,GO:0006465,signal peptide processing,18
0,9.438058227174038,8.278110638238532,8.443581280638528,0,0,0,0,0,0,0,8.663575434259338,8.205091327951465,0,0,0,0,0,0,0,0,0,0,GO:0006471,protein ADP-ribosylation,3
0,0,0,0,0,0,0,0,5.374317176426205,0,0,0,0,0,0,0,0,0,0,0,0,0,0,GO:0006489,dolichyl diphosphate biosynthetic process,2
0,0,0,0,0,0,0,0,0,0,0,0,0,0,0,5.404791334435414,0,0,0,0,0,0,0,GO:0006497,protein lipidation,7
0,0,0,0,0,0,0,0,0,7.008280832055333,0,0,0,0,0,0,0,0,0,0,0,0,0,GO:0006534,cysteine metabolic process,1
0,0,5.189715647702562,0,0,0,0,0,0,0,0,0,0,0,0,0,0,0,0,0,0,0,0,GO:0006535,cysteine biosynthetic process from serine,26
0,0,0,0,0,0,0,0,0,7.404798525395561,0,0,0,0,4.873491078198846,7.470509480321607,0,0,0,0,0,0,0,GO:0006540,glutamate decarboxylation to succinate,3
0,0,0,0,0,0,0,0,0,4.818796114944885,0,0,0,0,0,0,0,0,0,0,0,0,0,GO:0006555,methionine metabolic process,17
0,0,0,0,0,0,0,4.458422129273668,0,0,0,0,0,8.218186087452985,0,0,0,0,0,0,0,0,0,GO:0006562,proline catabolic process,3
0,0,0,4.327093416678542,0,0,0,0,0,0,0,0,0,0,0,0,0,0,0,0,0,0,0,GO:0006563,L-serine metabolic process,12
0,4.673602699909777,7.47109129526472,0,0,0,0,0,0,12.212695220853705,0,0,0,0,0,5.839061095310989,0,0,0,0,0,5.762859681297516,0,GO:0006564,L-serine biosynthetic process,7
0,0,0,0,0,0,0,0,0,0,0,0,0,0,0,0,0,0,0,0,0,4.413712886882704,0,GO:0006565,L-serine catabolic process,11
0,0,0,0,0,0,0,31.366069180211746,0,12.596883039551305,0,0,0,28.092570702280515,6.903362313781597,0,0,0,0,22.00991805683327,7.163163241516622,30.19996404833815,5.193764318119355,GO:0006568,tryptophan metabolic process,14
0,0,0,0,0,0,0,0,0,4.858266143135949,0,0,0,4.7741422277105325,0,0,0,0,0,0,0,0,0,GO:0006569,tryptophan catabolic process,6
0,0,0,0,0,0,0,0,0,7.243843721326817,0,0,0,0,0,0,0,0,0,0,0,0,0,GO:0006570,tyrosine metabolic process,4
0,7.887436764297052,6.812545193877278,7.137343936948652,0,0,0,11.212570927601368,0,6.609516485434542,0,0,0,13.368893567845939,0,0,0,0,0,7.858345542143892,6.319954860975653,15.375575481061654,0,GO:0006571,tyrosine biosynthetic process,7
0,0,0,0,0,0,0,15.90663543825345,11.179873409533398,0,0,0,0,0,9.595462281343844,0,0,0,0,6.176256079783304,13.863374410381462,20.02564089807852,9.160849209506841,GO:0006572,tyrosine catabolic process,7
0,0,0,0,0,0,0,10.251160405541496,10.607599769301228,7.087090811467084,0,0,0,0,8.653055779952567,0,0,0,0,0,5.671383452251368,5.7220340423825835,0,GO:0006573,valine metabolic process,5
0,0,0,4.808862007324128,0,0,0,0,0,0,0,0,0,0,0,0,0,0,0,0,0,0,0,GO:0006592,ornithine biosynthetic process,2
0,0,0,0,0,0,0,0,6.9422075615393375,0,0,0,0,0,0,0,0,0,0,0,0,0,0,GO:0006596,polyamine biosynthetic process,14
0,0,0,0,0,0,0,0,0,6.909275674563196,0,0,0,0,0,0,0,0,0,0,0,0,0,GO:0006610,ribosomal protein import into nucleus,6
0,0,0,0,0,0,0,0,0,0,0,0,0,0,0,0,0,0,0,0,0,0,5.20124139941383,GO:0006612,protein targeting to membrane,39
0,33.31006929626765,23.995531201863635,4.854341335326929,0,0,0,25.32900021880275,30.495424510321488,0,0,29.99308117233581,33.15243051486811,37.72820337741447,31.567868865831315,8.408689178590041,0,0,0,28.12194164286842,35.24257117990973,23.153666628559826,30.773186045295482,GO:0006624,vacuolar protein processing,8
0,0,0,0,0,0,0,12.8358109582973,0,10.864520360513897,0,0,0,12.338091910774658,0,0,0,0,0,9.12617088497985,4.729355778565141,9.682939248824951,0,GO:0006625,protein targeting to peroxisome,12
0,0,4.910124159746877,0,0,0,0,0,0,0,0,0,0,0,0,0,0,0,0,0,0,0,0,GO:0006629,lipid metabolic process,143
0,0,0,0,0,0,0,4.954351051208121,0,0,0,0,0,0,4.990700859430301,0,0,0,0,0,5.847784531938134,5.357009371746198,7.007442654786638,GO:0006637,acyl-CoA metabolic process,3
0,0,0,0,0,0,0,0,0,0,0,0,0,0,0,0,0,0,0,0,5.433933303680471,0,4.7025219351520535,GO:0006643,membrane lipid metabolic process,4
0,0,0,0,0,0,0,0,4.565011565133645,0,0,0,0,0,4.629771164773065,0,0,0,0,0,8.937409365367525,0,0,GO:0006644,phospholipid metabolic process,27
0,0,0,0,0,0,0,0,0,0,0,0,0,0,0,4.894444471007306,0,0,0,0,0,0,0,GO:0006646,phosphatidylethanolamine biosynthetic process,11
0,0,0,0,0,0,0,0,0,6.065253140669546,0,0,0,0,0,0,0,0,0,0,0,0,0,GO:0006649,phospholipid transfer to membrane,1
0,0,0,0,0,0,0,0,6.7921478549451395,0,0,0,0,0,7.177017329808922,0,0,0,0,0,6.908053383363683,0,0,GO:0006655,phosphatidylglycerol biosynthetic process,8
0,0,4.774332985657118,0,0,0,0,0,5.115340384674267,0,0,0,0,0,0,0,7.747813722472135,0,0,0,4.637165503999019,0,8.776169208613053,GO:0006659,phosphatidylserine biosynthetic process,2
0,0,0,0,0,0,0,0,0,0,0,0,0,0,0,7.283367541488484,0,0,0,0,0,0,0,GO:0006661,phosphatidylinositol biosynthetic process,7
0,0,0,0,0,0,0,0,0,0,0,0,0,0,0,0,0,0,0,0,4.327219546395749,0,0,GO:0006665,sphingolipid metabolic process,14
0,0,0,5.2693795918227195,0,0,0,0,0,0,0,0,0,0,0,0,0,0,0,0,0,0,0,GO:0006695,cholesterol biosynthetic process,4
0,0,5.722893351433348,6.495844940939262,0,0,0,0,0,5.99105402751292,0,0,0,0,0,10.591910741271366,0,0,0,0,6.336287868309143,5.400105327641522,0,GO:0006720,isoprenoid metabolic process,1
0,0,0,0,0,0,0,5.864958020010648,0,6.634009403032888,0,0,0,4.360583661581888,0,0,0,0,0,0,0,10.461503390313988,0,GO:0006721,terpenoid metabolic process,2
0,0,0,0,0,0,0,8.218996975748087,0,0,0,0,0,5.99609393392995,0,0,0,0,0,4.620782117616776,0,4.925075757782743,0,GO:0006753,nucleoside phosphate metabolic process,11
0,0,0,0,0,0,0,0,5.1951577857340885,0,0,0,0,0,0,0,0,0,0,0,0,0,5.193114964532736,GO:0006754,ATP biosynthetic process,4
0,0,0,0,0,0,0,0,6.003563292183337,0,0,0,0,0,0,0,0,0,0,0,0,0,0,GO:0006772,thiamine metabolic process,7
0,0,0,0,0,0,0,0,0,0,0,0,0,0,0,0,0,0,0,0,0,5.194754380809546,0,GO:0006777,Mo-molybdopterin cofactor biosynthetic process,15
0,0,0,0,0,0,0,4.584507990771518,0,0,0,0,0,6.868808932897573,0,0,0,0,0,0,0,4.961955025379511,0,GO:0006779,porphyrin-containing compound biosynthetic process,22
0,0,0,0,0,0,0,0,9.380607825572142,0,0,0,0,6.892724587027871,15.308919832410547,0,0,0,0,0,10.995483908993524,5.162261258233489,11.931678668117058,GO:0006784,heme a biosynthetic process,1
0,0,0,0,0,0,0,0,4.431482660035562,0,0,5.918341787695548,0,5.623995436351832,5.932839332080294,0,0,0,0,8.913248395250903,6.161170738657113,0,9.941587492837654,GO:0006788,heme oxidation,4
0,0,0,0,0,0,0,0,0,0,0,0,0,0,0,0,0,0,0,7.11851281308995,0,0,0,GO:0006792,regulation of sulfur utilization,1
0,0,0,0,0,0,0,0,0,0,0,0,0,4.429914484815063,7.0578363920889755,0,0,0,0,13.344216796938538,5.065279990812525,0,4.366493033980859,GO:0006793,phosphorus metabolic process,2
0,0,0,0,0,0,0,0,6.3771596186067985,0,0,0,0,0,6.506075127756492,0,0,0,0,0,0,0,6.253859541541767,GO:0006796,phosphate-containing compound metabolic process,8
0,0,0,0,0,0,0,0,9.185960709873761,0,0,0,0,0,9.1437731297874425,0,0,0,0,0,10.373989730699709,0,5.793473162889923,GO:0006799,polyphosphate biosynthetic process,1
0,0,0,0,0,0,0,0,0,0,0,0,0,4.37105817021671,0,0,0,0,0,0,0,6.146429220599187,0,GO:0006807,nitrogen compound metabolic process,34
0,0,0,0,0,0,0,8.27409939529665,0,0,0,0,0,7.823827233045192,0,0,0,0,0,0,0,5.766947692846837,0,GO:0006813,potassium ion transport,50
0,0,0,0,0,0,0,0,4.4389062190026625,0,0,0,0,0,4.490190934539509,0,0,0,0,0,0,0,0,GO:0006821,chloride transport,12
0,0,0,0,0,0,0,4.343597831395111,0,0,0,0,0,0,0,0,0,0,0,0,0,4.640764007138982,0,GO:0006824,cobalt ion transport,2
0,0,0,0,0,0,0,0,0,0,0,0,0,0,0,0,7.81983956330714,0,0,0,0,0,0,GO:0006833,water transport,28
0,0,0,0,0,0,0,6.409313527955941,6.707939880879936,0,0,0,0,0,4.351475233915927,0,0,0,0,0,0,6.745569357729296,6.585179239319077,GO:0006835,dicarboxylic acid transport,2
0,0,0,4.367577125260689,0,0,0,0,4.397824287885544,0,0,0,0,4.536656505299204,6.958360529561186,0,0,0,0,0,9.335747223372529,0,10.15162294010417,GO:0006844,acyl carnitine transport,1
0,0,0,0,0,0,0,0,7.212728251207605,0,0,0,4.370371254736891,7.0602532056104925,0,0,0,0,0,0,4.639837322922338,0,0,GO:0006878,cellular copper ion homeostasis,18
0,0,0,0,0,0,0,0,0,0,0,0,0,0,0,0,0,0,0,0,5.26679908625235,0,0,GO:0006891,intra-Golgi vesicle-mediated transport,70
0,0,0,0,0,0,0,0,0,0,0,0,0,5.310434251443632,0,5.233267118995552,0,0,0,0,0,0,0,GO:0006904,vesicle docking involved in exocytosis,40
0,0,0,5.016463061855433,0,0,0,0,0,0,0,0,0,0,0,0,0,0,0,0,0,0,0,GO:0006913,nucleocytoplasmic transport,26
0,5.25477143037445,0,0,0,0,0,0,4.632465161024115,0,0,0,0,8.031310764957876,4.688032846044139,0,0,0,0,5.986015445153927,0,0,0,GO:0006974,cellular response to DNA damage stimulus,69
0,0,0,0,0,0,0,6.081388250945043,0,0,0,0,0,0,0,0,0,0,0,5.940301682931333,0,0,0,GO:0006983,ER overload response,1
0,0,0,0,0,0,0,0,0,0,0,0,0,0,0,9.84988640236828,0,0,0,0,0,0,0,GO:0006986,response to unfolded protein,16
0,0,0,0,0,0,0,0,0,0,0,0,0,0,0,6.252030463616666,0,0,0,0,0,4.615770961372793,0,GO:0006990,positive regulation of transcription from RNA polymerase II promoter involved in unfolded protein response,2
0,0,0,0,0,0,0,0,0,0,0,0,0,0,0,8.703799926021286,0,0,0,0,0,0,0,GO:0006995,cellular response to nitrogen starvation,51
0,0,0,0,0,0,0,0,8.420632924605464,0,0,0,0,5.8836264556091065,6.055571163791388,0,0,0,0,0,6.919676267276018,0,5.890995079472059,GO:0007004,telomere maintenance via telomerase,14
0,0,0,0,0,0,0,0,0,4.8746845575043105,0,0,0,0,0,0,0,0,0,0,0,0,0,GO:0007017,microtubule-based process,35
0,0,0,0,0,0,0,0,0,0,0,0,0,0,0,0,10.162779189281968,0,0,0,0,0,0,GO:0007050,cell cycle arrest,12
0,0,0,0,0,0,0,4.689782616391791,12.54640044500801,0,0,0,0,12.419331843612872,9.135670337012767,0,0,0,0,4.5173092540218365,18.245145237916415,4.9506292168471475,16.246440963550704,GO:0007051,spindle organization,1
0,0,0,0,0,0,0,0,0,0,0,0,0,4.636682532521165,0,7.5999283777837165,0,0,0,0,0,0,0,GO:0007052,mitotic spindle organization,15
0,0,0,0,0,0,0,12.623285840420701,6.400859386086174,0,0,0,0,6.417229777529475,6.50253434329893,0,0,0,0,8.386564185113057,7.320398097779695,8.710209374216031,6.256176873463983,GO:0007060,male meiosis chromosome segregation,1
0,0,0,0,0,0,0,0,4.591079534392698,0,0,0,0,0,0,0,0,0,0,0,0,0,6.234384705492537,GO:0007064,mitotic sister chromatid cohesion,18
0,0,4.342725944961066,0,0,0,0,0,0,0,0,0,0,0,0,8.047226907765207,0,0,0,0,0,0,0,GO:0007093,mitotic cell cycle checkpoint,4
0,0,0,0,0,0,0,5.603832654027048,0,10.736708655217667,0,0,0,0,0,0,0,0,0,0,4.597457870579073,5.87967632966871,0,GO:0007094,mitotic spindle assembly checkpoint,13
0,0,0,0,0,0,0,0,0,0,0,0,0,0,0,4.91968815028401,0,0,0,0,0,6.36260796442251,0,GO:0007097,nuclear migration,3
0,0,0,0,0,0,0,0,0,0,0,0,0,0,0,0,0,0,0,0,4.521861015353831,0,5.96330203979374,GO:0007130,synaptonemal complex assembly,3
0,0,0,0,0,0,0,0,0,0,0,0,0,0,0,0,0,0,0,6.009694127064278,0,0,0,GO:0007155,cell adhesion,17
0,0,0,9.381328896022774,0,0,0,0,9.716120573314624,0,0,0,0,9.739887002047407,9.902423080869262,0,0,0,0,0,0,0,9.673259967502611,GO:0007205,protein kinase C-activating G protein-coupled receptor signaling pathway,16
0,0,0,0,0,0,0,0,4.364550880663423,0,0,0,0,0,0,0,0,0,0,0,0,0,0,GO:0007264,small GTPase mediated signal transduction,11
0,0,0,0,0,0,0,0,0,0,0,0,0,0,0,0,0,0,0,0,5.126541042238502,0,0,GO:0007389,pattern specification process,15
0,0,0,0,0,0,0,0,0,0,0,0,0,0,0,0,0,0,0,4.675774191039225,0,0,0,GO:0007568,aging,76
0,0,0,0,0,0,0,0,4.4667208889255665,0,0,0,0,0,4.565958188997212,0,0,0,0,0,0,0,4.471372377522946,GO:0007623,circadian rhythm,149
0,0,0,0,0,0,0,0,0,0,0,5.427826519480714,0,0,0,0,0,0,0,0,0,0,0,GO:0008053,mitochondrial fusion,3
0,0,0,0,0,0,0,5.191000881772999,0,0,0,0,0,0,0,0,0,0,0,0,0,0,0,GO:0008202,steroid metabolic process,30
0,0,0,0,0,0,0,0,0,8.640634863788696,0,0,0,0,0,0,0,0,0,0,4.41691147047391,0,0,GO:0008216,spermidine metabolic process,3
0,0,4.628998320026618,0,0,0,0,0,4.626611308390939,0,0,0,0,0,4.675243653407018,0,0,0,0,0,0,0,4.567506425185787,GO:0008272,sulfate transport,15
0,0,0,0,0,0,0,0,0,9.379072413949661,0,0,0,0,0,0,0,0,0,0,0,0,0,GO:0008295,spermidine biosynthetic process,13
0,0,5.2036089928807465,0,0,0,0,0,0,0,0,0,0,0,0,0,0,0,0,0,0,0,0,GO:0008361,regulation of cell size,17
0,0,0,0,0,0,0,0,0,0,0,0,0,0,0,11.666482922368626,0,0,0,0,0,0,0,GO:0009061,anaerobic respiration,10
0,0,0,0,0,0,0,0,0,4.722358814015601,0,0,0,0,0,0,0,0,0,0,0,0,0,GO:0009069,serine family amino acid metabolic process,1
0,0,0,0,0,0,0,0,0,0,0,0,0,0,0,0,0,0,0,0,4.802283278943848,0,0,GO:0009088,threonine biosynthetic process,14
0,0,0,0,0,0,0,6.755817519297631,5.168617541031111,0,0,0,4.776744547424074,5.196404992572318,5.281516711553815,0,0,0,0,0,0,0,0,GO:0009099,valine biosynthetic process,15
0,0,0,0,0,0,0,6.213082619118618,4.733210720435424,0,0,0,4.614268898291444,4.75519831974272,4.823889313960124,0,0,0,0,0,0,0,0,GO:0009113,purine nucleobase biosynthetic process,4
0,0,0,0,0,0,0,0,0,0,0,0,0,4.752591032224566,0,7.434522531900367,0,0,0,0,0,0,0,GO:0009152,purine ribonucleotide biosynthetic process,6
0,0,4.833065668785327,0,0,0,0,0,9.138791788222845,0,0,0,4.811983240941597,0,9.311297618291817,0,0,0,0,0,0,0,0,GO:0009157,deoxyribonucleoside monophosphate biosynthetic process,1
0,0,0,0,0,0,0,0,0,0,0,0,0,0,0,0,0,0,0,0,0,0,6.208972484929917,GO:0009165,nucleotide biosynthetic process,9
0,0,0,0,0,0,0,0,0,0,0,5.0739158552608865,4.747286335607468,0,0,0,0,0,0,0,0,0,0,GO:0009173,pyrimidine ribonucleoside monophosphate metabolic process,2
0,0,0,0,0,0,0,0,0,7.532082932442513,0,0,0,0,0,0,0,0,0,0,0,0,0,GO:0009304,tRNA transcription,2
0,0,0,0,0,0,0,0,0,0,0,0,0,5.102930864554918,0,0,0,0,0,0,0,0,0,GO:0009399,nitrogen fixation,1
0,0,0,0,0,0,0,0,0,0,0,0,0,0,0,0,6.1233507472017354,0,0,0,0,0,0,GO:0009405,pathogenesis,4
0,0,0,0,0,0,0,0,0,0,0,0,0,0,0,0,0,0,0,0,5.645854380695012,0,5.018310450804313,GO:0009555,pollen development,244
0,0,0,4.743648341952594,0,0,0,0,0,0,0,0,0,0,0,0,0,0,0,0,0,0,0,GO:0009624,response to nematode,101
0,0,0,0,0,0,0,0,0,18.717627834115863,0,0,0,9.312486313014853,0,19.823594662789375,0,0,0,4.658045890252555,0,0,0,GO:0009646,response to absence of light,60
0,0,4.431784925675781,0,0,0,0,0,0,0,0,0,4.375391754892032,0,0,0,0,0,0,0,0,0,0,GO:0009648,photoperiodism,14
0,0,4.431784925675781,0,0,0,0,0,0,0,0,0,4.375391754892032,0,0,0,0,0,0,0,0,0,0,GO:0009649,entrainment of circadian clock,19
0,0,0,0,0,0,0,0,0,0,0,0,0,4.549460186883812,0,0,0,0,0,0,0,7.882339368005682,0,GO:0009661,chromoplast organization,2
0,0,0,0,0,0,0,0,0,9.118313923599171,0,0,0,0,0,0,0,0,0,0,0,0,0,GO:0009662,etioplast organization,3
0,0,0,0,0,0,0,0,0,6.6244967698194825,0,0,0,0,0,9.719754025435353,0,0,0,0,0,0,0,GO:0009663,plasmodesma organization,4
0,23.852925651343455,15.761202549736753,16.354551217990036,0,0,0,0,0,0,0,16.437000891439123,10.765488131385183,7.222376840920445,0,0,0,0,0,0,0,0,0,GO:0009664,plant-type cell wall organization,66
0,0,5.806489696238243,0,0,0,0,0,0,0,0,0,0,0,0,0,0,0,0,0,0,0,0,GO:0009684,indoleacetic acid biosynthetic process,14
0,0,0,0,0,0,0,0,0,0,0,0,0,0,0,0,0,0,0,5.139843494991349,0,0,0,GO:0009696,salicylic acid metabolic process,18
0,0,0,0,0,0,0,0,0,0,0,0,0,0,0,5.5591111751873035,0,0,0,0,0,0,0,GO:0009698,phenylpropanoid metabolic process,24
0,0,0,0,0,0,0,0,0,0,0,0,0,6.68152262268749,0,0,0,0,0,0,4.883802242369321,0,6.535472035984154,GO:0009715,chalcone biosynthetic process,1
0,0,0,0,0,0,0,8.568035006204635,0,0,0,0,0,4.376296569950397,0,0,0,0,0,6.142356830986751,0,7.192224116991179,0,GO:0009734,auxin-activated signaling pathway,218
0,0,0,0,0,0,0,0,6.007809929964975,0,0,0,0,0,6.021114005335451,0,0,0,0,0,7.085697744004226,0,5.776245953627998,GO:0009736,cytokinin-activated signaling pathway,64
0,0,0,0,0,0,0,0,0,0,0,0,0,0,0,0,0,0,0,4.390684948521182,0,0,0,GO:0009737,response to abscisic acid,549
0,4.8289682442067425,0,4.5371523946638606,0,0,0,0,0,0,0,0,0,0,0,0,0,0,0,0,4.492769130223237,0,0,GO:0009740,gibberellic acid mediated signaling pathway,62
0,0,0,5.231018790074756,0,0,0,0,0,0,0,0,0,0,0,0,0,0,0,0,0,0,0,GO:0009742,brassinosteroid mediated signaling pathway,99
0,0,4.416070177564616,0,0,0,0,0,4.328596389501303,0,0,0,4.323122677419139,0,0,0,0,0,0,0,0,0,0,GO:0009805,coumarin biosynthetic process,5
0,0,0,0,0,0,0,0,0,4.739856770569013,0,0,0,0,0,0,0,0,0,0,0,0,0,GO:0009814,"defense response, incompatible interaction",38
0,0,0,0,0,0,0,0,12.153462705345747,0,0,0,0,0,10.098460411142742,0,0,0,0,0,9.48137565593818,0,7.321193600235895,GO:0009820,alkaloid metabolic process,2
0,0,0,0,0,0,0,0,0,15.140412353378098,0,0,0,0,0,6.811364593292627,0,0,0,0,0,0,0,GO:0009833,plant-type primary cell wall biogenesis,21
0,0,0,0,0,0,0,0,0,0,0,0,0,0,0,0,0,0,0,0,6.051534039632754,0,5.3954218731999575,GO:0009850,auxin metabolic process,21
0,0,0,0,0,0,0,0,0,0,0,0,5.305434448517835,0,0,0,0,0,0,0,0,0,0,GO:0009903,chloroplast avoidance movement,27
0,0,0,0,0,0,0,11.169834130391783,5.059205266390979,0,0,0,0,8.591754091666235,0,0,0,0,0,10.768234350770728,5.663217510441168,6.928967380715892,0,GO:0009904,chloroplast accumulation movement,25
0,0,0,0,0,0,0,0,5.561253979021715,0,0,0,0,0,0,0,0,0,0,0,0,0,0,GO:0009913,epidermal cell differentiation,8
0,0,0,0,0,0,0,0,6.337702688196165,0,0,0,0,0,0,0,0,0,0,0,0,0,0,GO:0009915,phloem sucrose loading,4
0,0,0,5.244697707521212,0,0,0,0,0,0,0,0,0,0,0,0,0,0,0,0,0,0,0,GO:0009938,negative regulation of gibberellic acid mediated signaling pathway,16
0,0,0,0,0,0,0,0,0,7.603397243462292,0,0,0,0,0,0,0,0,0,0,0,0,0,GO:0010020,chloroplast fission,27
0,0,0,0,0,0,0,0,0,8.963681470583538,0,0,0,0,0,0,0,0,0,0,0,0,0,GO:0010024,phytochromobilin biosynthetic process,6
0,0,0,0,0,0,0,0,0,0,0,0,4.442367529540913,0,0,0,0,0,0,0,0,0,0,GO:0010025,wax biosynthetic process,29
0,0,0,0,0,0,0,0,7.650210918661415,0,0,0,0,0,6.747091424044513,0,0,0,0,4.412485611479114,12.382950832351383,0,7.394232165725598,GO:0010028,xanthophyll cycle,3
0,0,0,0,0,0,0,0,0,8.196669711245393,0,0,0,0,0,0,0,0,0,0,0,0,0,GO:0010039,response to iron ion,31
0,0,0,0,0,0,0,0,0,0,0,0,0,0,0,0,0,0,0,0,0,4.772719416303446,8.328025656030034,GO:0010047,fruit dehiscence,11
0,0,0,0,0,0,0,10.437810245817946,0,16.150173281955805,0,0,0,4.799002234457574,0,12.459214930377081,0,0,0,0,0,10.944059065549146,0,GO:0010063,positive regulation of trichoblast fate specification,3
0,0,0,0,0,0,0,0,0,0,0,0,0,0,0,4.460227261981134,0,0,0,0,0,0,0,GO:0010077,maintenance of inflorescence meristem identity,7
0,4.5902434479266505,0,0,0,0,0,0,0,0,0,0,0,0,0,0,0,0,0,0,0,0,0,GO:0010093,specification of floral organ identity,10
0,0,0,0,0,0,0,6.59336561389567,0,0,0,0,0,0,0,0,0,0,0,0,0,0,6.841503338537723,GO:0010094,specification of carpel identity,1
0,0,0,0,0,0,0,0,0,5.3923351607507275,0,0,0,0,0,0,0,0,0,0,0,0,0,GO:0010099,regulation of photomorphogenesis,22
0,0,0,0,0,0,0,0,0,0,0,0,0,5.455708341718777,0,0,0,0,0,0,0,0,0,GO:0010112,regulation of systemic acquired resistance,11
0,0,0,0,0,0,0,0,0,0,0,0,0,0,0,0,9.421985698730335,0,0,0,0,0,0,GO:0010116,positive regulation of abscisic acid biosynthetic process,5
0,0,0,0,0,0,0,0,0,0,0,0,0,0,0,0,0,0,0,0,0,6.318125434259711,0,GO:0010192,mucilage biosynthetic process,15
0,0,0,0,0,0,0,0,5.561253979021715,0,0,0,0,0,0,0,0,0,0,0,0,0,0,GO:0010196,nonphotochemical quenching,10
0,0,0,0,0,0,0,0,0,0,0,5.880053731913638,0,0,0,0,0,0,0,0,0,0,0,GO:0010197,polar nucleus fusion,33
0,0,0,0,0,0,0,0,0,0,0,0,0,0,0,0,0,5.792152452878406,0,0,0,0,0,GO:0010198,synergid death,2
0,0,0,0,0,0,0,0,0,0,0,0,0,0,5.922147051080929,0,0,0,0,0,0,7.785304692243349,0,GO:0010216,maintenance of DNA methylation,17
0,0,0,0,0,0,0,0,0,0,0,0,0,0,0,7.590722354666322,0,0,0,0,0,0,0,GO:0010223,secondary shoot formation,13
0,0,0,0,0,0,0,4.5332064093083355,5.6777889206759005,18.399739855051607,0,0,0,0,5.782206041668963,5.4206255510390875,0,0,0,0,0,0,0,GO:0010235,guard mother cell cytokinesis,6
0,0,0,0,0,0,0,0,4.652011920949191,0,0,0,0,0,4.777655503991008,0,0,0,0,0,0,0,0,GO:0010256,endomembrane system organization,13
0,0,0,4.862137364243377,0,0,0,0,5.253817238565831,0,0,0,0,0,5.2668114814881255,0,0,0,0,0,5.855416343833188,0,0,GO:0010262,somatic embryogenesis,10
0,0,0,0,0,0,0,0,0,0,0,0,0,0,0,0,0,0,0,0,5.358189755147079,0,0,GO:0010265,SCF complex assembly,5
0,0,0,0,0,0,0,0,0,0,0,5.9074853684913595,0,0,0,0,0,0,0,0,0,0,0,GO:0010272,response to silver ion,8
0,0,0,0,0,0,0,0,0,0,0,0,0,0,0,0,0,0,0,0,0,6.704273160115942,0,GO:0010299,detoxification of cobalt ion,1
0,0,0,0,0,0,0,5.8270126457826095,7.578092095866071,0,0,0,0,0,4.38540598300668,0,0,0,0,0,0,0,0,GO:0010305,leaf vascular tissue pattern formation,40
0,0,0,0,0,0,0,5.118761481379807,0,0,0,0,0,0,0,0,8.787256068161499,0,0,0,0,0,0,GO:0010312,detoxification of zinc ion,1
0,0,0,4.854002493166535,0,0,0,0,0,0,0,0,0,0,0,8.87054438777067,0,0,0,0,0,0,0,GO:0010321,regulation of vegetative phase change,4
0,0,0,0,0,0,0,0,0,4.444197872756606,0,0,0,0,0,0,0,0,0,0,0,0,0,GO:0010332,response to gamma radiation,18
0,0,0,0,0,0,0,6.602055638553522,4.4780253805118715,0,0,0,0,12.584152796952825,6.993212889443877,0,0,0,0,0,0,0,0,GO:0010364,regulation of ethylene biosynthetic process,4
0,0,0,4.801995810312969,0,0,0,0,0,0,0,0,0,0,0,0,0,0,0,0,0,0,0,GO:0010375,stomatal complex patterning,11
0,0,0,0,0,0,0,0,15.028353818526693,0,0,0,8.418678273123678,11.257887859134213,11.551638853391431,0,0,0,0,14.809885877725604,16.80632096603069,0,8.021395650445541,GO:0010387,COP9 signalosome assembly,9
0,0,0,0,0,0,0,0,5.614182375556597,0,0,0,0,8.646469063460964,0,0,0,0,0,4.374763804906029,0,0,0,GO:0010389,regulation of G2/M transition of mitotic cell cycle,8
0,0,0,5.0405109559826125,0,0,0,4.716546484362353,13.728780670124149,0,0,8.905225145228009,8.294410702449733,13.647071383328303,14.07471612075018,0,0,0,0,6.502288452632683,16.371306953106828,0,13.549572241378547,GO:0010390,histone monoubiquitination,4
0,0,0,0,0,0,0,0,5.681275390734131,0,0,0,0,5.661111783372669,5.827662686324107,0,0,0,0,0,0,0,5.6285921799248495,GO:0010392,galactoglucomannan metabolic process,1
0,0,0,0,0,0,0,0,0,0,0,0,0,0,0,7.6002168419616885,0,0,0,0,0,0,0,GO:0010417,glucuronoxylan biosynthetic process,14
0,0,0,0,0,0,0,8.95470215640515,8.723529625337093,0,0,0,0,6.132620858392956,8.949258888241161,0,0,0,0,0,4.599018685147173,0,0,GO:0010423,negative regulation of brassinosteroid biosynthetic process,1
0,0,4.702754144008892,0,0,0,0,0,0,0,0,0,0,0,0,0,0,0,0,0,0,0,0,GO:0010438,cellular response to sulfur starvation,6
0,0,0,0,0,0,0,0,0,0,0,0,0,0,0,0,10.041501072113372,0,0,0,0,0,0,GO:0010440,stomatal lineage progression,12
0,0,0,0,0,0,0,0,0,0,0,0,0,0,0,0,0,0,0,0,0,0,6.681109791279615,GO:0010442,guard cell morphogenesis,2
0,0,0,0,0,0,0,0,0,0,0,0,0,0,0,0,0,0,0,0,0,0,6.023765580769548,GO:0010495,long-distance posttranscriptional gene silencing,3
0,0,0,0,0,0,0,0,0,0,0,0,0,6.563123797692616,0,0,0,0,0,0,0,0,0,GO:0010501,RNA secondary structure unwinding,3
0,6.654155823657361,0,0,0,0,0,0,0,0,0,0,0,0,0,0,0,0,0,0,0,0,0,GO:0010529,negative regulation of transposition,1
0,0,0,0,0,0,0,0,0,0,0,4.504352919370002,0,10.182379489339214,0,0,0,0,0,0,0,0,0,GO:0010569,regulation of double-strand break repair via homologous recombination,5
0,0,0,5.035475314161449,0,0,0,0,0,0,0,0,0,0,0,0,0,0,0,0,0,0,0,GO:0010582,floral meristem determinacy,12
0,0,0,4.795644324527425,0,0,0,0,0,0,0,0,0,0,0,0,0,0,0,0,5.583123259917821,0,0,GO:0010585,glutamine secretion,1
0,0,0,0,0,0,0,12.540017532476975,0,10.06626902031009,0,0,0,9.276789565314697,0,0,0,0,0,4.706152184393361,0,13.09444943360768,0,GO:0010588,cotyledon vascular tissue pattern formation,15
0,0,0,0,0,0,0,0,0,0,0,0,5.382901970435496,0,0,0,0,0,0,0,0,0,0,GO:0010589,leaf proximal/distal pattern formation,5
0,4.404706473847318,0,0,0,0,0,4.451351189226966,0,0,0,0,0,0,5.556213206551367,5.479832174060023,0,0,0,0,0,4.70008612210953,0,GO:0010601,positive regulation of auxin biosynthetic process,5
0,0,0,0,0,0,0,0,0,0,0,0,4.393974527637033,0,0,0,0,0,0,0,0,0,0,GO:0010603,regulation of cytoplasmic mRNA processing body assembly,7
0,0,0,0,0,0,0,0,0,0,0,0,0,10.160085220359889,0,11.904193932458009,0,0,0,0,0,0,0,GO:0010606,positive regulation of cytoplasmic mRNA processing body assembly,1
0,0,0,0,0,0,0,9.901423664993944,11.620500256784185,0,0,0,4.461953357834126,0,11.750002014111828,0,0,0,0,0,8.596845884412389,6.009007688904224,0,GO:0010731,protein glutathionylation,6
0,0,0,0,0,0,0,0,0,0,0,0,0,5.503292306286864,5.6324117356140215,0,0,0,0,0,0,0,0,GO:0010951,negative regulation of endopeptidase activity,3
0,0,0,0,0,0,0,0,0,7.245784881226021,0,0,0,0,0,0,0,0,0,0,0,0,5.269071601909991,GO:0015670,carbon dioxide transport,2
0,0,0,0,0,0,0,5.705684393571666,7.390022920119767,0,0,0,0,0,0,0,0,0,0,0,0,0,0,GO:0015675,nickel cation transport,6
0,0,0,0,0,0,0,0,0,0,0,5.9074853684913595,0,0,0,0,0,0,0,0,0,0,0,GO:0015717,triose phosphate transport,1
0,0,0,0,0,0,0,0,0,0,0,0,0,0,0,0,0,0,0,0,4.878969211187611,0,0,GO:0015720,allantoin transport,8
0,0,0,0,0,0,0,0,0,0,0,0,0,5.83312779675569,0,5.665086855059203,0,0,0,0,0,0,0,GO:0015742,alpha-ketoglutarate transport,2
0,0,0,0,0,0,0,4.325842482692764,6.162584028975068,0,0,0,0,0,6.401271144370784,0,0,0,0,6.633708890426988,7.4364774556400075,0,8.409353192668286,GO:0015774,polysaccharide transport,3
0,0,0,0,0,0,0,6.508444133414757,4.958939629414859,0,0,4.946337894617136,4.6700401924499335,5.002378763033571,5.074243326685956,0,0,0,0,0,0,0,4.981627290586369,GO:0015783,GDP-fucose transmembrane transport,7
0,0,0,0,0,0,0,0,0,8.54421699108167,0,0,0,0,0,0,0,0,0,0,0,0,0,GO:0015786,UDP-glucose transmembrane transport,6
0,0,0,0,0,0,0,0,0,0,0,0,0,12.426757621363105,6.667354959219648,0,0,0,0,9.203511775427062,4.825015925275021,0,0,GO:0015805,S-adenosyl-L-methionine transport,2
0,0,0,4.470119298146351,0,0,0,0,0,0,0,0,0,0,0,0,0,0,0,0,0,0,0,GO:0015810,aspartate transmembrane transport,1
0,0,0,0,0,0,0,0,0,0,0,0,0,0,0,7.686977904795583,0,0,0,0,0,0,0,GO:0015813,L-glutamate transmembrane transport,1
0,0,0,0,0,0,0,0,0,6.115947900983857,0,0,0,0,0,0,0,0,0,0,0,0,0,GO:0015846,polyamine transport,7
0,0,0,0,0,0,0,0,0,9.093820491739637,0,0,0,0,0,0,0,0,0,0,0,0,0,GO:0015864,pyrimidine nucleoside transport,2
0,0,0,0,0,0,0,0,0,6.968295724544488,0,0,0,0,0,0,0,0,0,0,0,0,0,GO:0015867,ATP transport,7
0,0,0,4.695176636237856,0,0,0,0,0,0,0,0,0,0,0,0,0,0,0,0,0,0,0,GO:0015886,heme transport,5
0,4.7499738278891,0,0,0,0,0,0,0,0,0,4.478362252578969,0,10.746905326909255,0,0,0,0,0,5.3823953682917,0,0,0,GO:0015887,pantothenate transmembrane transport,1
0,0,0,0,0,0,0,0,0,0,0,0,0,0,0,0,0,0,0,0,0,0,5.669953844772117,GO:0015904,tetracycline transport,7
0,0,0,0,0,0,0,12.262128273782404,9.283986191688275,0,0,0,0,5.983544774048266,9.378261453038652,0,0,0,0,8.00266380255726,6.95867903591612,8.75408422224603,5.9777664785937565,GO:0015914,phospholipid transport,16
0,0,0,0,0,0,0,0,0,6.90849721829291,0,0,0,0,0,0,0,0,0,0,0,0,0,GO:0015916,fatty-acyl-CoA transport,2
0,0,0,0,0,0,0,0,7.538895944103721,0,0,0,6.630226532935872,7.5588831359799755,5.373418608324202,0,0,0,0,0,0,0,10.114241807905938,GO:0015936,coenzyme A metabolic process,2
0,0,0,0,0,0,0,6.7386855824849246,5.183068061124587,0,0,0,0,5.215418157080077,0,0,0,0,0,6.627775428043272,5.766790054624651,11.864469473479964,5.173848939706563,GO:0015940,pantothenate biosynthetic process,3
0,0,0,0,0,0,0,0,5.000744361365,0,0,0,0,0,8.098895456167499,0,0,0,0,0,5.805631658807571,0,5.023188063759876,GO:0015969,guanosine tetraphosphate metabolic process,2
0,0,0,0,0,0,0,0,0,4.452190970563286,0,0,0,0,0,0,0,0,0,0,4.791195410115719,0,5.105467763209769,GO:0015970,guanosine tetraphosphate biosynthetic process,1
0,0,0,0,0,0,0,0,0,0,0,0,0,0,0,0,0,0,0,0,7.9305656591247775,0,0,GO:0015976,carbon utilization,15
0,0,0,0,0,0,0,0,0,0,0,0,0,0,0,0,0,0,0,0,0,0,6.038589365649963,GO:0015979,photosynthesis,118
0,0,4.611593958894674,0,0,0,0,0,0,0,0,0,0,0,0,0,0,0,0,0,0,0,0,GO:0015990,electron transport coupled proton transport,5
0,0,0,0,0,0,0,0,0,0,0,0,0,4.415769396968899,0,0,0,0,0,0,0,0,0,GO:0016114,terpenoid biosynthetic process,15
0,0,0,0,0,0,0,0,0,7.089819539383739,0,0,0,0,0,0,0,0,0,0,0,0,0,GO:0016118,carotenoid catabolic process,1
0,0,0,0,0,0,0,0,0,7.364498127879065,0,0,0,0,0,0,0,0,0,0,0,0,0,GO:0016120,carotene biosynthetic process,12
0,0,0,0,0,0,0,6.812672451436415,7.247962218438319,0,0,0,0,10.265386628150022,10.473058482031375,0,0,0,0,9.969755671467718,8.343300886313983,7.2178537521344985,10.229457791866116,GO:0016125,sterol metabolic process,48
0,5.6724991027556415,4.896895294726918,0,0,0,0,0,0,0,0,5.0956776499532195,4.9605173039055295,0,0,0,0,0,0,0,0,0,0,GO:0016320,endoplasmic reticulum membrane fusion,3
0,0,0,0,0,0,0,0,4.8859825836810336,0,0,0,0,0,5.006185969047951,0,0,0,0,0,5.464359352867388,0,4.884384717163967,GO:0016477,cell migration,17
0,0,0,0,0,0,0,0,0,0,0,0,0,4.439985600450804,0,0,0,0,0,0,0,0,0,GO:0016556,mRNA modification,3
0,6.422337591001154,5.440505161897414,0,0,0,0,5.770441349653769,0,0,0,0,5.323581123563499,11.50205994594178,0,0,0,0,0,7.961791766807074,0,6.2489513701551775,0,GO:0016973,poly(A)+ mRNA export from nucleus,18
0,0,0,0,0,0,0,0,0,0,0,0,0,0,0,10.825779573069077,0,0,0,0,0,0,0,GO:0017145,stem cell division,2
0,0,0,0,0,0,0,0,0,8.361680636479312,0,0,0,0,0,0,0,0,0,0,0,0,0,GO:0017198,N-terminal peptidyl-serine acetylation,1
0,0,0,0,0,0,0,0,0,4.341204572752126,0,0,0,0,0,0,0,0,0,0,0,0,0,GO:0018023,peptidyl-lysine trimethylation,1
0,0,0,0,0,0,0,0,0,0,0,0,0,0,0,0,0,0,0,0,6.363148290351724,0,0,GO:0018131,oxazole or thiazole biosynthetic process,1
