Mock_Flg22_vs_Mock,HKSynCom33_Flg22_vs_HKSynCom33,HKSynCom35_Flg22_vs_HKSynCom35,SynCom33_Flg22_vs_SynCom33,SynCom35_Flg22_vs_SynCom35,HKSynCom33_vs_Mock,HKSynCom35_vs_Mock,SynCom33_vs_Mock,SynCom35_vs_Mock,SynCom33_vs_SynCom35,HKSynCom33_vs_HKSynCom35,HKSynCom33_Flg22_vs_Mock,HKSynCom35_Flg22_vs_Mock,SynCom33_Flg22_vs_Mock,SynCom35_Flg22_vs_Mock,SynCom33_Flg22_vs_SynCom35_Flg22,HKSynCom33_Flg22_vs_HKSynCom35_Flg22,HKSynCom33_Flg22_vs_Mock_Flg22,HKSynCom35_Flg22_vs_Mock_Flg22,SynCom33_Flg22_vs_Mock_Flg22,SynCom35_Flg22_vs_Mock_Flg22,SynCom33_vs_HKSynCom33,SynCom35_vs_HKSynCom35,category,term,size
20.867489012811543,17.094788007650465,31.4602543832411,8.769441479026131,0,0,0,0,0,0,0,5.420762111979004,9.735627079525658,4.900902167971145,0,12.757141588208198,0,0,0,0,0,0,0,GO:0006833,water transport,28
10.603092137867236,8.094583603395808,4.983404418268641,6.0840121343271125,0,0,0,0,0,0,0,0,6.881525926478894,5.476113816596577,0,0,0,0,0,7.164194620477561,0,0,0,GO:0009740,gibberellic acid mediated signaling pathway,62
10.308392816518797,10.512537091594822,17.774064683110307,12.613728325385472,0,0,0,4.978808108981473,13.08595261725917,0,0,4.752126439158104,8.217774902387346,4.91057150201388,8.668186777587774,7.486532114160767,0,0,0,0,10.772347269921564,7.614533599430364,14.476150445769003,GO:0055085,transmembrane transport,399
7.524595982157727,6.828117752354552,9.751091446968367,9.629585880520393,0,0,0,11.382716058313502,11.13370220418953,0,0,0,4.865070785110092,32.483228017378316,16.635999831537653,10.441821053215767,0,0,0,15.114177199525923,13.404993727669737,6.075645017585722,14.101848629489439,GO:0015840,urea transport,2
7.335677651236035,6.121446484833787,17.638493998764158,5.238843049522029,0,0,0,0,0,0,0,0,5.743988308009308,0,0,0,0,0,0,0,0,0,0,GO:0009651,response to salt stress,699
6.490210341559935,0,0,0,0,0,0,0,0,0,0,0,0,0,0,0,0,0,0,0,0,0,0,GO:0080170,hydrogen peroxide transmembrane transport,10
6.311335407368402,7.12642392999512,0,0,0,0,0,0,0,22.36017447512369,0,5.11105312994963,0,0,0,20.382957747198773,0,0,0,0,0,0,0,GO:0006816,calcium ion transport,26
6.152376391456676,4.933636474097654,0,0,0,0,0,0,0,0,0,5.452649935371245,0,0,0,5.692812334436115,0,0,0,0,0,0,0,GO:0009733,response to auxin,315
5.934152800619804,0,0,0,0,0,0,0,0,0,0,0,0,0,0,0,0,0,0,0,0,0,0,GO:0010102,lateral root morphogenesis,27
5.898432671467663,0,0,0,0,0,0,0,0,0,0,0,0,0,0,0,0,0,0,0,0,0,0,GO:0006874,cellular calcium ion homeostasis,41
5.840353223489751,4.593179658958323,0,8.212383978196033,0,0,0,0,0,0,0,5.265981106626073,0,4.708948226220758,0,0,0,0,0,0,0,0,4.353898849328732,GO:0070588,calcium ion transmembrane transport,38
5.727966307888088,6.339809964280962,9.0407070453037,0,0,0,0,27.027573925721455,33.808582916169506,0,0,4.550649734449448,4.75784132766097,20.214226285979787,23.80431262490231,0,0,0,0,19.2205860156875,20.527264742414587,19.50018457080098,31.390384905625226,GO:0009269,response to desiccation,29
5.561777648466213,4.376148638055748,6.681712888080303,0,0,0,0,0,0,0,0,4.947030269611118,8.471092454086032,0,0,0,0,0,0,0,0,0,0,GO:0009414,response to water deprivation,399
5.223973756941198,0,0,10.39590475286707,0,0,0,0,0,0,0,0,6.750874455900412,0,0,9.360867412238413,0,0,0,0,0,0,0,GO:0009741,response to brassinosteroid,38
5.154168864954107,9.111811804379839,15.958123170064312,7.244548408704633,0,0,0,0,7.667632799990509,9.048478399475705,0,4.613099014381048,13.33467342046891,9.33431089658414,8.845023572166593,0,0,0,0,0,8.878304890247351,9.133976844832128,14.102843107262665,GO:0031640,killing of cells of other organism,33
4.936363655397436,0,0,0,0,0,0,0,0,0,0,0,0,0,0,0,0,0,0,0,0,0,0,GO:0042545,cell wall modification,51
4.931989337869111,5.272252615840226,0,6.761864224375218,0,0,0,6.562716205856111,13.377736230479663,0,0,0,0,7.047012451704203,7.172710070283392,6.116819442640034,0,0,0,0,8.861175842730079,0,4.696611108702557,GO:0006891,intra-Golgi vesicle-mediated transport,70
4.924996210368989,0,6.526521528194315,11.392756062877142,0,0,0,0,12.511507434243924,23.020075296683103,0,4.336799640227287,0,8.063537288777155,9.520615932343643,9.146596767310683,0,0,0,0,14.249189652480258,5.45784535243156,16.873085521223224,GO:0009737,response to abscisic acid,549
4.361496801635415,0,0,0,0,0,0,0,8.048674730530132,0,0,0,0,0,6.026249840170604,0,0,0,0,0,11.401690799521965,0,9.322630013310421,GO:0045490,pectin catabolic process,65
0,6.8601028551824665,4.3746276170198195,5.081773149350806,0,0,0,0,7.448196364222193,28.495795451032244,0,0,0,0,7.420988064538145,13.732450200261207,6.045035791436363,0,0,0,9.019669034768645,0,13.607631741348792,GO:0030163,protein catabolic process,98
0,10.81876220083103,18.771001619505995,7.492414334672352,0,0,0,0,11.48093974860869,4.468766442758733,0,0,8.498957509226738,0,7.894753222078906,7.649397720204266,0,0,0,0,0,0,15.813637644696113,GO:0042744,hydrogen peroxide catabolic process,103
0,10.891516960309565,0,0,0,0,0,0,0,11.902016014540735,0,0,5.359148644170569,0,0,0,0,0,0,0,0,0,5.830754616389223,GO:0006869,lipid transport,107
0,0,6.012674294492181,0,0,0,0,4.773056653006244,6.753505785358497,0,0,0,0,0,6.972369441480159,0,0,0,0,0,4.590952858034084,0,5.113391626753409,GO:0009739,response to gibberellin,118
0,0,0,0,0,0,0,6.786298124903381,6.517927934676268,0,0,0,0,8.538379277707142,6.910098869292105,0,0,0,0,13.98035844557589,14.568405301973254,0,5.842774810371479,GO:0006970,response to osmotic stress,186
0,0,0,0,0,0,0,8.292606168128675,0,0,0,0,0,0,4.914562581911229,0,0,0,0,7.40584258765119,8.584892430581654,6.666242362964128,7.210730984426931,GO:0010200,response to chitin,152
0,0,0,0,0,0,0,0,6.693781198209366,0,0,0,0,0,0,0,0,0,0,0,0,0,0,GO:0045454,cell redox homeostasis,166
0,0,0,0,0,0,0,9.876134907785108,0,5.636839977736825,0,0,0,4.487361997130759,0,6.788039599593439,0,0,0,0,0,0,0,GO:0048364,root development,226
0,0,10.000635693219191,9.962324976796427,0,0,0,0,0,0,0,0,5.607718384692749,0,0,7.882922362609018,0,0,0,0,0,0,0,GO:0009873,ethylene-activated signaling pathway,187
0,0,4.386589356899819,11.597746294783953,0,0,0,21.01713105533734,59.6387566854479,5.682880952870384,0,0,5.080866032798236,35.36653551236394,52.840325380782055,23.281916862318095,0,0,0,38.49781098032317,42.203900773755315,27.93846670899036,63.93073055850065,GO:0006886,intracellular protein transport,323
0,0,0,5.809494730723697,0,0,0,17.844819880549622,21.76990611077239,9.909901463923509,0,7.981951283306573,0,12.36044962004079,25.3745273071786,6.778401605142203,0,0,0,24.682023526269834,27.222411640166037,19.216834880762303,27.666220773294864,GO:0055114,oxidation-reduction process,1349
0,0,0,0,0,0,0,0,0,0,0,0,0,0,0,0,0,0,0,0,10.477287820315123,0,7.819196748143512,GO:0006979,response to oxidative stress,376
0,0,0,0,0,0,0,0,0,4.890391654122678,0,0,0,0,0,0,0,0,0,0,0,0,0,GO:0016567,protein ubiquitination,664
0,0,0,0,0,0,0,0,0,9.869988397906083,0,0,0,0,0,6.542040660015535,0,0,0,0,0,0,0,GO:0006468,protein phosphorylation,1021
0,0,0,0,0,0,0,0,0,0,0,0,0,4.388397109486049,0,0,0,0,0,0,0,0,0,GO:0000012,single strand break repair,3
0,0,0,0,0,0,0,0,0,0,0,0,0,9.710469173629818,0,0,0,0,0,0,0,0,0,GO:0000025,maltose catabolic process,2
0,0,0,0,0,0,0,18.98578278688013,13.143859149820557,0,0,0,0,9.639102028665343,10.894756375273305,0,0,0,0,15.200407430936309,7.750608361958828,19.433429867035308,9.59534100127703,GO:0000027,ribosomal large subunit assembly,49
0,0,0,0,0,0,0,4.355280377158764,0,0,0,4.932702988773109,0,0,0,0,0,0,0,0,0,4.689036151246046,0,GO:0000032,cell wall mannoprotein biosynthetic process,4
0,0,0,0,0,0,0,0,0,10.052921122824426,0,0,0,0,0,0,0,0,0,0,0,0,0,GO:0000041,transition metal ion transport,2
0,0,4.949797353609721,5.048267052928062,0,0,0,0,0,0,0,0,0,0,0,0,0,0,0,0,0,0,0,GO:0000079,regulation of cyclin-dependent protein serine/threonine kinase activity,50
0,0,0,0,0,0,0,0,0,0,0,0,0,0,5.4485215602447425,0,0,0,0,0,5.443158051824983,0,0,GO:0000080,mitotic G1 phase,3
0,0,0,0,0,0,0,7.719524083684081,9.51069342412448,0,0,0,0,12.671140393128372,10.847574399647971,0,0,0,0,9.894146985605715,8.745890871918403,0,13.0900375562802,GO:0000086,G2/M transition of mitotic cell cycle,5
0,0,0,0,0,0,0,0,0,0,0,0,0,0,0,0,8.135771757689335,0,0,0,0,0,0,GO:0000154,rRNA modification,3
0,0,0,0,0,0,0,0,0,0,0,5.251884435175216,0,0,0,0,0,0,0,0,0,0,0,GO:0000280,nuclear division,6
0,0,0,0,0,0,0,0,0,0,0,7.411437755576814,0,6.9208893786019035,0,0,0,0,0,0,0,0,0,GO:0000288,"nuclear-transcribed mRNA catabolic process, deadenylation-dependent decay",3
0,0,0,0,0,0,0,0,0,0,0,0,4.872972196926092,0,0,0,0,0,0,0,0,0,0,GO:0000303,response to superoxide,9
0,0,0,0,0,0,0,5.153308129750852,0,11.18634458578325,0,0,0,0,0,5.934928286890022,0,0,0,0,0,5.503108453000694,0,GO:0000349,generation of catalytic spliceosome for first transesterification step,4
0,0,0,0,0,0,0,0,5.201092291808653,0,0,0,0,0,5.448399207422887,0,0,0,0,0,5.42382939775366,0,5.096508764779406,GO:0000350,generation of catalytic spliceosome for second transesterification step,2
0,4.467237021891528,0,0,0,0,0,0,0,0,0,0,0,0,0,0,0,0,0,0,0,0,0,GO:0000380,"alternative mRNA splicing, via spliceosome",16
0,0,0,0,0,0,0,0,9.137402200279746,0,0,0,0,0,9.966729434017012,0,0,0,0,0,7.013349788785871,0,8.778789145302516,GO:0000389,mRNA 3'-splice site recognition,1
0,0,0,0,0,0,0,0,6.661279139986695,0,0,0,0,0,7.766219943361012,0,0,0,0,0,0,0,4.692299847674029,GO:0000394,"RNA splicing, via endonucleolytic cleavage and ligation",5
0,0,0,0,0,0,0,0,6.342577098212355,0,0,0,0,0,0,0,0,0,0,0,0,0,6.1469288475783666,GO:0000454,snoRNA guided rRNA pseudouridine synthesis,2
0,0,0,4.730433864882486,0,0,0,0,5.884582496793083,0,0,0,0,0,0,0,0,0,0,0,8.9960809219697,0,4.5355164092620734,GO:0000461,"endonucleolytic cleavage to generate mature 3'-end of SSU-rRNA from (SSU-rRNA, 5.8S rRNA, LSU-rRNA)",5
0,0,0,0,0,0,0,0,6.2934765789189635,0,0,0,0,0,6.619599199480292,0,0,0,0,0,0,0,0,GO:0000463,"maturation of LSU-rRNA from tricistronic rRNA transcript (SSU-rRNA, 5.8S rRNA, LSU-rRNA)",14
0,0,0,0,0,0,0,0,5.030084243178523,0,0,0,0,0,5.363759356932545,0,0,0,0,0,5.283384484487868,0,0,GO:0000469,cleavage involved in rRNA processing,4
0,0,0,0,0,0,0,0,0,0,0,0,0,0,0,0,0,0,0,7.7588693990244515,4.897007005472466,0,0,GO:0000488,"maturation of LSU-rRNA from tetracistronic rRNA transcript (SSU-rRNA, LSU-rRNA, 4.5S-rRNA, 5S-rRNA)",2
0,0,0,0,0,0,0,0,0,0,0,0,0,0,0,0,0,0,0,0,6.4043742117571,0,0,GO:0000489,"maturation of SSU-rRNA from tetracistronic rRNA transcript (SSU-rRNA, LSU-rRNA, 4.5S-rRNA, 5S-rRNA)",2
0,0,0,0,0,0,0,0,5.679463476920934,0,0,0,0,0,6.096617741732417,0,0,0,0,0,6.167653452057365,0,0,GO:0000493,box H/ACA snoRNP assembly,1
0,0,0,0,0,0,0,0,0,0,0,0,0,0,4.567872324371599,0,0,0,0,0,4.54927949333055,0,0,GO:0000494,box C/D snoRNA 3'-end processing,2
0,0,4.982531950870988,0,0,0,0,0,0,0,0,0,0,0,0,0,0,0,0,0,0,0,0,GO:0000712,resolution of meiotic recombination intermediates,14
0,0,0,0,0,0,0,0,0,0,0,0,0,5.373966115556883,0,0,0,0,0,0,0,0,0,GO:0000724,double-strand break repair via homologous recombination,72
0,0,0,0,0,0,0,0,0,0,0,0,0,5.4444893473192275,0,0,0,0,0,0,0,0,0,GO:0000725,recombinational repair,6
0,0,0,0,0,0,0,0,0,4.802357493052731,0,0,0,0,0,0,0,0,0,0,0,0,0,GO:0000727,double-strand break repair via break-induced replication,6
0,0,0,0,0,0,0,0,0,0,0,0,0,10.356772863738385,5.414527145262309,0,0,0,0,4.690965431946075,0,0,4.760086074241621,GO:0000730,DNA recombinase assembly,3
0,0,0,0,0,0,0,0,0,0,0,0,0,0,4.78356680069609,0,0,0,0,0,0,0,0,GO:0001881,receptor recycling,5
0,0,0,0,0,0,0,0,0,0,0,0,0,0,0,0,5.722951840522286,0,0,0,0,0,0,GO:0002084,protein depalmitoylation,3
0,0,0,0,0,0,0,0,0,0,0,0,0,0,0,0,0,0,0,8.123516611905092,5.854227176485413,0,0,GO:0002213,defense response to insect,22
0,0,0,0,0,0,0,5.564363619767464,0,0,0,0,0,0,0,0,0,0,0,0,0,0,0,GO:0002376,immune system process,1
0,0,4.998047819616844,0,0,0,0,0,0,0,0,0,0,0,0,0,0,0,0,0,0,0,0,GO:0002679,respiratory burst involved in defense response,6
0,0,0,0,0,0,0,14.065640969317691,0,0,0,0,0,23.127265681390075,5.227626399404938,0,0,0,0,24.573385174504736,4.3499729264448215,9.01573722629237,6.508027649701498,GO:0003333,amino acid transmembrane transport,54
0,0,0,0,0,0,0,0,0,0,0,0,0,6.524333764260926,0,0,0,0,0,0,0,0,0,GO:0003400,regulation of COPII vesicle coating,8
0,0,0,0,0,0,0,0,5.636206071223653,0,0,0,0,0,6.35766065632364,0,0,0,0,0,0,0,0,GO:0006004,fucose metabolic process,42
0,0,0,0,0,0,0,0,5.77000172226375,0,0,0,0,0,6.013639838333704,0,0,0,0,0,5.949516885806735,0,5.644728857569789,GO:0006006,glucose metabolic process,24
0,0,0,0,0,0,0,0,7.471670053607697,0,0,0,0,9.578895980920574,4.522675087715056,0,0,0,0,0,0,0,0,GO:0006013,mannose metabolic process,8
0,0,0,5.697929029886407,0,0,0,0,0,0,0,0,0,0,0,0,0,0,0,0,0,0,0,GO:0006044,N-acetylglucosamine metabolic process,7
0,0,0,0,0,0,0,0,6.985217045225316,0,0,0,0,9.0816507957708,0,0,0,0,0,0,0,0,0,GO:0006045,N-acetylglucosamine biosynthetic process,1
0,0,0,0,0,0,0,0,7.471670053607697,0,0,0,0,9.578895980920574,4.522675087715056,0,0,0,0,0,0,0,0,GO:0006048,UDP-N-acetylglucosamine biosynthetic process,7
0,6.443928416261116,0,0,0,0,0,8.261638526353858,9.82563800130996,0,0,0,0,0,11.624021916518876,0,0,0,0,0,13.338791784769144,0,9.171754457505674,GO:0006105,succinate metabolic process,4
0,0,0,0,0,0,0,0,0,0,0,0,0,9.624072118959244,0,0,0,0,0,0,0,0,0,GO:0006109,regulation of carbohydrate metabolic process,7
0,0,0,0,0,0,0,0,0,0,0,0,0,6.947033085555259,0,0,0,0,0,0,0,0,0,GO:0006145,purine nucleobase catabolic process,6
0,0,0,0,0,0,0,0,26.3392522242037,0,0,0,0,5.46583532675371,17.47328715686323,0,0,0,0,4.922511148622251,20.04529934252078,7.770741571210634,22.06381644053182,GO:0006165,nucleoside diphosphate phosphorylation,7
0,0,0,0,0,0,0,0,0,0,0,0,0,0,0,0,0,0,0,4.389841741927386,0,0,0,GO:0006176,dATP biosynthetic process from ADP,2
0,0,0,0,0,0,0,0,4.74266997677123,0,0,0,0,0,5.364372132410336,0,0,0,0,0,5.371872692956487,4.72998178867073,0,GO:0006203,dGTP catabolic process,2
0,0,0,0,0,0,0,0,0,0,0,0,0,0,0,0,0,0,0,0,5.795575315654276,4.371923670906132,0,GO:0006210,thymine catabolic process,4
0,0,0,0,0,0,0,4.344993308624065,0,0,0,0,0,0,0,0,0,0,0,0,0,4.771965392999402,0,GO:0006212,uracil catabolic process,3
0,0,0,0,0,0,0,0,0,0,0,0,0,0,0,0,0,0,0,0,5.519249580716625,0,0,GO:0006216,cytidine catabolic process,1
0,0,0,0,0,0,0,0,4.62710716089737,0,0,0,0,0,7.702089242744075,6.936680644804109,0,0,0,0,7.593361816218236,0,0,GO:0006223,uracil salvage,2
0,0,0,0,0,0,0,0,0,0,0,0,0,5.457381924998795,0,0,0,0,0,0,0,0,7.067999945105015,GO:0006226,dUMP biosynthetic process,5
0,0,0,0,0,0,0,0,10.289631570736216,0,0,0,0,0,7.2648767922973025,0,0,0,0,13.397195568142804,9.191984738199835,0,7.902444691951333,GO:0006259,DNA metabolic process,19
0,0,0,0,0,0,0,0,13.574590149154293,0,0,0,0,0,12.617195259171485,0,0,0,0,0,12.706839273828804,0,18.27398160290335,GO:0006260,DNA replication,78
0,0,0,0,0,0,0,5.707732019664446,9.778700343312762,0,0,0,0,0,6.629481513969626,0,0,0,0,0,4.836308375203989,6.107815326439009,7.367919442986096,GO:0006264,mitochondrial DNA replication,9
0,0,0,0,0,0,0,0,0,0,0,0,0,0,0,0,0,0,0,0,0,0,7.900615787530607,GO:0006265,DNA topological change,16
0,0,0,4.706591767726498,0,0,0,0,0,0,0,0,0,0,0,0,0,0,0,0,0,0,0,GO:0006269,"DNA replication, synthesis of RNA primer",3
0,0,0,0,0,0,0,0,0,0,0,0,0,0,0,0,0,0,0,0,5.6812852053593055,0,0,GO:0006271,DNA strand elongation involved in DNA replication,3
0,0,0,0,0,0,0,5.726099071784143,0,0,0,0,0,0,4.638247211379815,0,0,0,0,0,4.602646536450293,6.073794018351735,0,GO:0006290,pyrimidine dimer repair,5
0,0,0,0,0,0,0,0,7.763498468546843,0,0,0,0,0,0,0,0,0,0,0,5.546023895619463,0,10.66003334256853,GO:0006294,"nucleotide-excision repair, preincision complex assembly",4
0,0,0,0,0,0,0,0,0,0,0,0,0,13.423159318957374,0,0,0,0,0,20.68093413150544,0,7.856803118238169,0,GO:0006296,"nucleotide-excision repair, DNA incision, 5'-to lesion",9
0,0,0,0,0,0,0,0,0,0,0,0,0,0,4.48002720346794,5.491854251478046,0,0,0,0,8.640471576048414,0,6.844125621350429,GO:0006297,"nucleotide-excision repair, DNA gap filling",4
0,0,0,0,0,0,0,0,0,0,0,0,0,0,0,0,0,0,0,5.033960182639895,0,0,0,GO:0006302,double-strand break repair,45
0,0,0,0,0,0,0,10.950595955527914,8.779590903529732,0,0,0,0,20.326652014439375,9.498844414005285,0,0,0,0,22.958598677093317,6.322659183066125,11.459568346643632,8.632188559020396,GO:0006306,DNA methylation,22
0,0,0,0,0,0,0,0,0,0,0,0,0,0,0,0,0,0,0,0,4.749654609809697,0,0,GO:0006307,DNA dealkylation involved in DNA repair,3
0,0,0,0,0,0,0,0,0,0,0,0,0,0,0,0,0,0,0,0,0,4.430321397449306,0,GO:0006314,intron homing,3
0,0,0,0,0,0,0,0,0,0,0,0,0,6.910393654425788,0,0,0,0,0,0,0,0,0,GO:0006366,transcription by RNA polymerase II,27
0,7.0349500159617,0,0,0,0,0,0,0,0,0,0,0,0,0,0,0,0,0,0,0,0,0,GO:0006390,mitochondrial transcription,3
0,0,0,0,0,0,0,0,0,5.646890007454564,0,0,0,0,0,0,0,0,0,0,0,0,0,GO:0006405,RNA export from nucleus,6
0,0,0,0,0,0,0,0,0,0,0,0,0,0,4.498647078664692,0,0,0,0,0,4.509493232673593,0,6.294026859499087,GO:0006406,mRNA export from nucleus,32
0,0,0,0,0,0,0,0,0,6.424813911072704,0,0,0,0,0,5.0252888116330965,0,0,0,0,0,0,0,GO:0006415,translational termination,24
0,0,0,0,0,0,0,7.165212731477214,6.5587012075218825,0,0,0,0,0,10.503045873984085,0,0,0,0,0,6.866445238708211,0,0,GO:0006422,aspartyl-tRNA aminoacylation,3
0,0,0,0,0,0,0,0,0,0,0,0,0,4.522030237382463,0,0,0,0,0,0,0,0,0,GO:0006424,glutamyl-tRNA aminoacylation,4
0,0,0,4.335056627360956,0,0,0,0,0,0,0,0,0,0,0,0,0,0,0,0,0,0,0,GO:0006433,prolyl-tRNA aminoacylation,2
0,5.491001226187847,0,4.505507716071179,0,0,0,0,0,0,0,0,0,0,0,6.5799783310045425,0,0,0,0,0,0,0,GO:0006438,valyl-tRNA aminoacylation,2
0,0,0,0,0,0,0,0,0,6.554758883164166,0,0,0,0,0,0,0,0,0,0,0,0,5.789397679323401,GO:0006457,protein folding,288
0,0,0,0,0,0,0,0,0,4.626766448102899,0,0,0,0,0,0,0,0,0,0,0,0,0,GO:0006458,'de novo' protein folding,9
0,0,0,0,0,0,0,0,0,4.821884370325378,0,0,0,0,0,0,0,0,0,0,0,0,0,GO:0006479,protein methylation,4
0,0,0,0,0,0,0,0,0,0,0,0,0,5.26632576363292,0,0,0,0,0,6.497739906450737,0,0,5.252182860943447,GO:0006521,regulation of cellular amino acid metabolic process,5
0,0,0,0,0,0,0,0,21.75180444331759,0,0,0,0,5.762830048607157,13.238386343437297,0,0,0,0,5.135093502265228,15.678935857749822,8.016195498637693,17.82514185468344,GO:0006540,glutamate decarboxylation to succinate,3
0,0,0,0,0,0,0,52.976333656626245,32.27204383508665,0,0,0,0,84.72619835492245,52.47201534485683,0,0,0,0,89.64575216277036,32.19341520177642,51.930063397323245,39.747932279024305,GO:0006541,glutamine metabolic process,26
0,0,0,0,0,0,0,7.2995137407562565,7.406585699355466,0,0,0,0,8.047288641111951,4.796291590240393,0,0,0,0,0,7.2314146778780115,0,10.937264540627353,GO:0006542,glutamine biosynthetic process,9
0,7.20612682433065,0,0,0,0,0,0,0,0,0,0,0,0,0,0,9.755036808362856,0,0,0,0,0,0,GO:0006544,glycine metabolic process,11
0,0,0,0,0,0,0,0,4.552510049541438,8.58069712058145,0,0,0,0,4.8865661495900286,0,0,0,0,0,4.9007378058522635,0,4.43773761444765,GO:0006546,glycine catabolic process,7
0,0,0,0,0,0,0,0,0,0,0,0,5.061134142554449,4.614315765384874,0,0,0,0,0,0,0,0,0,GO:0006551,leucine metabolic process,4
0,0,0,0,0,0,0,0,0,0,0,0,0,10.440641212794855,0,0,0,0,0,8.074995834649831,0,0,0,GO:0006552,leucine catabolic process,12
0,0,0,0,0,0,0,0,0,5.06450712928645,0,0,0,0,0,5.61776119215601,0,0,0,0,0,0,0,GO:0006558,L-phenylalanine metabolic process,4
0,0,0,0,0,0,0,0,6.179282011059517,0,0,0,4.395704798892612,0,6.647331700004118,0,0,0,0,0,6.575571443195711,0,5.962529131518819,GO:0006561,proline biosynthetic process,9
0,0,0,0,0,0,0,0,0,0,0,0,0,0,0,0,0,0,0,6.2862511721112195,0,0,5.005356177321854,GO:0006564,L-serine biosynthetic process,7
0,0,0,0,0,0,0,0,0,0,0,0,0,0,0,5.078748843856962,0,0,0,0,0,0,0,GO:0006566,threonine metabolic process,1
0,0,0,0,0,0,0,0,0,0,0,0,0,0,0,0,6.5879471808893975,8.57863255280578,0,0,0,0,0,GO:0006567,threonine catabolic process,4
0,0,0,0,0,0,0,0,0,0,0,0,0,0,0,0,0,0,0,5.91332547199904,0,0,0,GO:0006569,tryptophan catabolic process,6
0,0,0,0,0,0,0,6.216865130855209,19.47563210096738,0,0,0,0,5.2272943375347785,11.525131124511313,0,0,0,0,9.95678105476731,26.914227120549594,0,12.175989019307059,GO:0006570,tyrosine metabolic process,4
0,5.476681948681427,0,0,0,0,0,0,0,0,0,0,0,0,0,0,0,0,0,0,0,0,0,GO:0006571,tyrosine biosynthetic process,7
0,0,0,0,0,0,0,6.653739648313201,5.264453695950801,0,0,0,0,8.375939834554984,5.94235824942004,0,0,0,0,10.38133248116987,8.086262328800602,7.090597712168603,11.514835387457731,GO:0006572,tyrosine catabolic process,7
0,0,6.840635234922964,0,0,0,0,0,0,0,0,0,0,0,0,0,0,0,0,0,0,0,0,GO:0006574,valine catabolic process,11
0,0,0,0,0,0,0,0,6.987124898609401,0,0,0,0,5.843532957915402,4.858510188473758,0,0,0,0,0,9.881060539946477,4.3658853636261314,9.997638915069638,GO:0006592,ornithine biosynthetic process,2
0,0,0,0,0,0,0,0,0,0,0,0,0,0,0,0,6.142439267696657,0,0,0,0,0,0,GO:0006595,polyamine metabolic process,1
0,0,10.164075617392406,0,0,0,0,0,7.7966538480729835,0,0,0,0,0,4.826701864077589,6.548358909034934,0,0,0,0,0,0,7.393988433663305,GO:0006596,polyamine biosynthetic process,14
0,0,0,0,0,0,0,0,0,0,0,0,0,5.212283857467044,0,0,0,0,0,0,0,0,0,GO:0006598,polyamine catabolic process,5
0,0,0,0,0,0,0,8.47021791303645,0,0,0,0,0,5.288098407029048,11.884576396475683,0,0,0,0,0,8.849285687848049,8.768794198515566,5.3016513708566695,GO:0006606,protein import into nucleus,43
0,0,0,0,0,0,0,0,0,0,0,0,0,7.11026692956081,0,0,0,0,0,0,0,0,0,GO:0006607,NLS-bearing protein import into nucleus,17
0,0,0,0,0,0,0,0,4.728263586475777,0,0,0,0,15.700914682229131,5.047545760987374,0,0,0,0,17.5202410389873,5.078382164891602,0,0,GO:0006616,"SRP-dependent cotranslational protein targeting to membrane, translocation",15
0,0,0,0,0,0,0,26.645006076492326,13.47373900534332,0,0,0,0,49.27898613619035,23.048601832313693,0,0,0,0,53.03433392628632,17.73502054671903,19.801008461581564,24.57267456052006,GO:0006617,"SRP-dependent cotranslational protein targeting to membrane, signal sequence recognition",5
0,5.677122736395738,0,0,0,0,0,0,0,0,0,0,0,4.473708437941457,0,0,0,0,0,5.201345065434836,0,0,0,GO:0006620,posttranslational protein targeting to endoplasmic reticulum membrane,9
0,0,0,0,0,0,0,0,0,0,0,0,0,6.490980914214851,0,5.68480799481759,0,0,0,4.652417887934171,0,0,0,GO:0006629,lipid metabolic process,143
0,0,0,0,0,0,0,0,0,40.7699434110957,0,0,0,0,0,0,0,0,0,0,4.655438792876277,0,4.963865500819201,GO:0006631,fatty acid metabolic process,63
0,0,0,0,0,0,0,0,0,5.114647627853162,0,0,0,0,0,5.545006285295382,0,0,0,0,0,0,0,GO:0006633,fatty acid biosynthetic process,106
0,0,0,0,0,0,0,0,5.878403913016935,0,0,0,0,0,0,0,0,0,0,0,6.521848154619696,0,0,GO:0006635,fatty acid beta-oxidation,51
0,0,0,0,0,0,0,0,0,0,0,0,0,0,4.593041027273377,0,0,0,0,0,0,0,0,GO:0006642,triglyceride mobilization,2
0,0,0,0,0,0,0,0,0,0,0,0,0,0,5.59924571547093,0,0,0,0,0,0,0,0,GO:0006643,membrane lipid metabolic process,4
0,0,0,0,0,0,0,0,0,0,0,0,0,0,0,4.956175217165412,0,0,0,0,0,0,0,GO:0006644,phospholipid metabolic process,27
0,0,0,0,0,0,0,0,7.1603892290656885,0,0,0,0,0,0,0,0,0,0,0,7.71244998752353,0,0,GO:0006649,phospholipid transfer to membrane,1
0,0,5.230173615162331,0,0,0,0,0,0,0,0,0,0,0,0,8.835272708363174,0,0,0,0,0,0,0,GO:0006651,diacylglycerol biosynthetic process,8
0,0,4.605363986037062,0,0,0,0,0,0,0,0,0,5.409142284348005,4.676117479294456,0,0,0,0,0,0,0,0,0,GO:0006656,phosphatidylcholine biosynthetic process,13
0,0,0,0,0,0,0,0,0,0,0,0,5.106727464315802,0,0,0,0,0,0,0,0,0,0,GO:0006659,phosphatidylserine biosynthetic process,2
0,0,0,0,0,0,0,0,0,4.940576073522409,0,0,0,0,0,10.213314986599448,0,0,0,0,0,0,0,GO:0006661,phosphatidylinositol biosynthetic process,7
0,0,0,0,0,0,0,0,0,4.340243527485933,0,0,0,0,0,5.171324366958816,0,0,0,0,0,0,0,GO:0006665,sphingolipid metabolic process,14
0,0,0,0,0,0,0,0,0,0,0,0,0,9.450186812334683,0,0,0,0,0,8.720685097511788,0,0,0,GO:0006666,3-keto-sphinganine metabolic process,3
0,0,0,0,0,0,0,0,0,11.09773814822263,0,0,0,0,0,0,0,0,0,0,0,0,0,GO:0006671,phytosphingosine metabolic process,1
0,0,0,0,0,0,0,0,6.451497330262279,5.37078171608765,0,0,0,5.166141249087046,5.900076031983692,10.620653962310167,0,0,0,0,5.873715817845041,0,5.779400181098714,GO:0006720,isoprenoid metabolic process,1
0,0,0,0,0,0,0,0,7.663115618231561,4.473732130480018,0,0,0,0,6.951570364240578,9.42204742810791,0,0,0,0,8.22233439375811,0,10.870704701115544,GO:0006721,terpenoid metabolic process,2
0,0,0,0,0,0,0,0,8.06697496836109,0,0,0,0,6.009335409808567,0,0,0,0,0,6.788320875683619,0,0,11.969602279676625,GO:0006723,cuticle hydrocarbon biosynthetic process,2
0,5.153948414646379,0,0,0,0,0,14.221820133953507,0,0,0,0,0,26.403489352130258,0,5.93347288803984,0,0,0,24.651504882803142,0,9.95318107223414,0,GO:0006725,cellular aromatic compound metabolic process,1
0,0,0,0,0,0,0,0,0,0,0,0,0,18.840910462772918,0,0,0,0,0,17.219557284342297,0,0,0,GO:0006729,tetrahydrobiopterin biosynthetic process,4
0,0,0,0,0,0,0,0,0,0,0,0,0,5.290831358615325,0,0,0,0,0,0,0,0,0,GO:0006730,one-carbon metabolic process,37
0,0,0,0,0,0,0,0,0,0,0,0,0,5.250562657496491,0,0,0,0,0,6.023028811624143,0,0,0,GO:0006734,NADH metabolic process,8
0,0,0,0,0,0,0,0,0,0,0,0,0,0,4.7272237552527425,0,0,0,0,0,0,0,6.394783084765757,GO:0006753,nucleoside phosphate metabolic process,11
0,0,0,0,0,0,0,0,0,0,0,0,0,0,4.745478858226798,0,0,0,0,0,8.254895638614498,0,5.029148404098401,GO:0006760,folic acid-containing compound metabolic process,3
0,0,0,0,0,0,0,6.423949853819777,0,0,0,0,0,13.558597370364813,0,0,0,0,0,4.442114900051634,0,0,0,GO:0006777,Mo-molybdopterin cofactor biosynthetic process,15
0,0,0,0,0,0,0,0,4.811049092680083,0,0,0,0,0,0,0,0,0,0,5.547285307320251,0,0,0,GO:0006780,uroporphyrinogen III biosynthetic process,3
0,0,0,0,0,0,0,0,0,0,0,0,0,0,0,0,0,0,0,0,0,0,4.631537447304073,GO:0006783,heme biosynthetic process,15
0,0,0,0,0,0,0,0,0,0,0,0,0,0,0,0,0,0,0,5.439239141077773,0,0,0,GO:0006784,heme a biosynthetic process,1
0,0,0,0,0,0,0,0,0,0,0,0,0,0,5.541190381876343,0,0,0,0,0,0,0,0,GO:0006788,heme oxidation,4
0,0,0,0,0,0,0,0,0,7.709998876732002,0,0,0,0,0,4.917907726727476,0,0,0,0,0,0,0,GO:0006790,sulfur compound metabolic process,24
0,0,0,0,0,0,0,0,11.178824731146358,10.616279939957803,0,0,0,4.351448468553378,7.125876570758212,0,0,0,0,0,7.062389556736359,4.424794925249798,13.38505621134778,GO:0006793,phosphorus metabolic process,2
0,0,0,0,0,0,0,0,0,18.08086343857573,0,0,0,0,0,5.790624435428033,0,0,0,0,0,0,0,GO:0006796,phosphate-containing compound metabolic process,8
0,0,4.726053846430135,4.794723951403563,0,0,0,0,8.865841579721643,0,0,0,0,0,9.241235555961252,8.080219523119261,0,0,0,0,0,0,0,GO:0006805,xenobiotic metabolic process,3
0,0,0,0,0,0,0,0,27.14640138124806,0,0,0,0,0,13.06598271859693,0,0,0,0,0,8.65496287031022,0,32.045467409936315,GO:0006807,nitrogen compound metabolic process,34
0,0,0,0,0,0,0,0,0,0,0,0,0,5.699656643269141,5.621189335864969,6.083915602231792,0,0,0,4.382729371797101,0,0,0,GO:0006811,ion transport,40
0,0,0,0,0,0,0,0,0,0,0,0,0,0,5.430169840885887,0,0,0,0,4.7353517410066495,5.434693885618156,0,0,GO:0006813,potassium ion transport,50
0,0,0,0,0,0,0,0,0,0,0,0,0,0,0,6.347533521803754,0,0,0,0,0,0,0,GO:0006820,anion transport,20
0,5.636036625509264,0,0,0,0,0,0,0,0,0,0,0,0,0,0,8.36413963420991,0,0,0,0,0,0,GO:0006826,iron ion transport,15
0,0,0,0,0,0,0,0,0,0,0,0,0,4.703933830537874,0,0,0,0,0,0,0,0,0,GO:0006851,mitochondrial calcium ion transmembrane transport,2
0,0,0,0,0,0,0,0,0,0,0,12.14701287371302,4.441887172683663,0,0,0,0,0,0,0,0,0,0,GO:0006857,oligopeptide transport,65
0,0,0,0,0,0,0,0,0,0,0,12.35896017429938,4.5368539939063,0,0,0,0,0,0,0,0,0,0,GO:0006862,nucleotide transport,1
0,0,0,0,0,0,0,0,6.200140362250101,0,0,0,0,0,7.000550388110436,0,0,0,0,0,6.961698988940191,0,0,GO:0006880,intracellular sequestering of iron ion,16
0,0,0,0,0,0,0,0,0,8.01594883355226,0,0,0,0,0,0,0,0,0,0,0,0,0,GO:0006882,cellular zinc ion homeostasis,11
0,0,0,0,0,0,0,0,9.290440286601015,0,0,0,0,0,7.211902772999271,0,0,0,0,0,7.275936668170324,0,6.373814259328185,GO:0006913,nucleocytoplasmic transport,26
0,0,0,0,0,0,0,0,0,10.556684995906377,0,0,0,0,0,0,0,0,0,0,0,0,0,GO:0006950,response to stress,13
0,0,0,0,0,0,0,0,0,0,0,0,0,0,0,0,0,0,0,0,6.5745849734608734,0,6.018737542464391,GO:0006954,inflammatory response,7
0,5.1267879809449015,0,0,0,0,0,0,0,0,0,0,4.527294951165248,0,0,0,0,0,0,0,0,0,0,GO:0006974,cellular response to DNA damage stimulus,69
0,0,0,0,0,0,0,0,0,0,0,0,0,4.475559297034947,0,0,0,0,0,0,0,0,0,GO:0006983,ER overload response,1
0,0,0,0,0,0,0,0,0,0,0,0,0,0,0,5.536970261050443,0,0,0,0,0,0,0,GO:0006990,positive regulation of transcription from RNA polymerase II promoter involved in unfolded protein response,2
0,0,0,4.805767074446654,0,0,0,0,0,0,0,0,0,0,0,0,0,0,0,0,0,0,0,GO:0006996,organelle organization,3
0,0,0,0,0,0,0,0,0,0,0,0,0,0,0,0,0,0,0,0,4.857241772938731,0,0,GO:0007000,nucleolus organization,3
0,0,0,0,0,0,0,0,0,0,0,0,0,5.526549971085456,4.447682349507683,0,0,0,0,0,4.407331583603515,0,0,GO:0007004,telomere maintenance via telomerase,14
0,0,0,0,0,0,0,0,0,0,0,0,0,0,4.6242316007290825,0,0,0,0,0,0,0,0,GO:0007015,actin filament organization,47
0,0,0,0,0,0,0,0,0,5.127694988186191,0,0,0,0,0,0,0,0,0,0,0,0,0,GO:0007017,microtubule-based process,35
0,0,0,0,0,0,0,0,0,0,0,0,0,0,4.5661027273826145,0,0,0,0,0,4.567984641245052,0,7.350056744895661,GO:0007043,cell-cell junction assembly,5
0,4.421806240359835,0,0,0,0,0,0,0,0,0,0,0,0,4.50783589360389,0,0,0,0,0,4.487951571405321,0,0,GO:0007049,cell cycle,129
0,0,4.890681170733642,5.229256440944506,0,0,0,0,0,0,0,0,0,0,0,0,0,0,0,0,0,0,0,GO:0007064,mitotic sister chromatid cohesion,18
0,0,0,0,0,0,0,0,0,0,0,0,0,0,4.88475750687156,0,0,0,0,0,8.623837638300314,0,7.81678889472035,GO:0007088,regulation of mitotic nuclear division,35
0,0,0,0,0,0,0,0,0,0,0,0,0,6.507313699727157,0,0,0,0,0,7.567853179268254,0,0,0,GO:0007091,metaphase/anaphase transition of mitotic cell cycle,2
0,0,0,0,0,0,0,0,0,13.646884607032781,0,0,0,5.6016817249245525,0,0,0,0,0,9.805777898271012,0,0,5.381764985690472,GO:0007095,mitotic G2 DNA damage checkpoint,6
0,0,0,0,0,0,0,0,0,0,0,0,0,6.334915075007594,0,0,0,0,0,0,0,0,0,GO:0007097,nuclear migration,3
0,5.966787008916894,0,4.966666332964649,0,0,0,0,0,0,0,6.660539184420667,0,0,0,0,0,0,0,0,0,0,0,GO:0007098,centrosome cycle,12
0,0,0,0,0,0,0,11.016957021707304,12.35127744282594,0,0,0,0,11.605639953263056,6.242623066529402,0,0,0,0,0,6.228984376972647,0,8.65934798653481,GO:0007129,synapsis,21
0,0,0,0,0,0,0,4.357412114570161,0,0,0,0,0,0,0,0,0,0,0,0,0,4.886639905637825,6.9015918912014955,GO:0007130,synaptonemal complex assembly,3
0,0,0,8.98674304430537,0,0,0,0,0,0,0,0,0,0,0,5.577293999514619,0,0,0,0,0,0,0,GO:0007143,female meiotic nuclear division,7
0,0,0,5.12476197761927,0,0,0,0,6.3170868320599975,0,0,0,0,8.414516816664326,0,0,0,0,0,9.58793913502384,0,0,6.143551877697032,GO:0007164,establishment of tissue polarity,1
0,0,0,0,0,0,0,0,0,0,0,0,0,0,0,0,0,0,0,4.7025069115727,0,0,0,GO:0007172,signal complex assembly,1
0,0,0,0,0,0,0,0,0,0,0,0,0,18.43064514906984,0,0,0,0,0,20.468934265573427,0,0,0,GO:0007178,transmembrane receptor protein serine/threonine kinase signaling pathway,3
0,0,0,0,0,0,0,0,0,0,0,0,0,0,0,5.276221304062136,0,0,0,0,0,0,0,GO:0007202,activation of phospholipase C activity,1
0,0,0,0,0,0,0,0,0,0,0,0,0,8.021731240737406,6.534940100073391,0,0,0,0,0,0,7.038818775611736,0,GO:0007219,Notch signaling pathway,6
0,0,0,0,0,0,0,0,0,0,0,0,0,7.47637062172866,0,0,0,0,0,0,0,0,0,GO:0007229,integrin-mediated signaling pathway,3
0,0,0,0,0,0,0,0,0,0,0,0,0,4.933801400634199,0,0,0,0,0,0,0,0,0,GO:0007231,osmosensory signaling pathway,10
0,5.243137826006877,8.90392199435495,0,0,0,0,0,0,0,0,0,0,0,0,0,0,0,0,0,0,0,0,GO:0007266,Rho protein signal transduction,21
0,0,0,0,0,0,0,0,0,0,0,0,0,0,6.994997724871042,0,0,0,0,0,6.984477820887606,0,0,GO:0007292,female gamete generation,2
0,0,0,0,0,0,0,0,0,4.423332276394767,0,0,0,0,0,0,0,0,0,6.4477606690251,0,0,0,GO:0007338,single fertilization,8
0,0,0,0,0,0,0,0,0,0,0,0,0,0,0,0,0,0,0,0,0,0,5.9287578539691985,GO:0007584,response to nutrient,8
0,0,0,0,0,0,0,0,5.499569562291464,7.381371365870101,0,0,0,0,0,11.671828542263343,0,0,0,0,0,0,0,GO:0008064,regulation of actin polymerization or depolymerization,2
0,0,0,0,0,0,0,0,0,5.004223919147547,0,0,0,0,0,0,0,0,0,0,0,0,0,GO:0008216,spermidine metabolic process,3
0,0,0,0,0,0,0,0,0,0,0,7.368263204597718,0,0,0,0,0,0,0,0,0,0,0,GO:0008219,cell death,50
0,0,0,0,0,0,0,19.08488020387972,9.417618526107558,0,0,0,0,24.106696420511415,8.397089244550894,0,0,0,0,24.68281548099285,6.30086681136254,20.041637445705447,8.968710485682472,GO:0008272,sulfate transport,15
0,0,0,0,0,0,0,7.486111560354699,9.572120133800185,0,0,0,0,0,8.74012489570746,5.847965860282123,0,0,0,0,10.770040855260842,0,11.130284858132201,GO:0008299,isoprenoid biosynthetic process,24
0,0,0,0,0,0,0,0,0,0,0,0,0,0,8.246809034070909,0,0,0,0,0,0,0,4.877605493353883,GO:0008333,endosome to lysosome transport,7
0,0,0,0,0,0,0,0,4.5899998533307,0,0,0,0,0,0,0,0,0,0,0,0,0,4.447769906503045,GO:0008361,regulation of cell size,17
0,0,0,0,0,0,0,0,36.711142018741214,0,0,0,5.080907840356447,0,23.926822106905636,0,0,0,0,0,19.55179798309858,0,36.11430656300124,GO:0008535,respiratory chain complex IV assembly,3
0,0,5.103418100691601,0,0,0,0,0,0,0,0,0,5.74953756964306,0,0,0,0,0,0,0,0,0,0,GO:0008614,pyridoxine metabolic process,1
0,0,0,0,0,0,0,0,0,0,0,0,0,6.710905721422542,0,0,0,0,0,0,0,0,0,GO:0009052,"pentose-phosphate shunt, non-oxidative branch",8
0,8.998989532753685,0,0,0,0,0,0,0,12.163901769625127,0,0,0,7.143552285417332,0,0,0,0,0,0,0,6.2040021295555565,0,GO:0009060,aerobic respiration,28
0,0,0,0,0,0,0,0,6.0361225527202205,0,0,0,0,0,0,0,0,0,0,0,0,0,9.107249493874201,GO:0009061,anaerobic respiration,10
0,5.658075431485319,0,4.698516045089082,0,0,0,0,0,0,0,6.151360452582052,0,7.0949915075513745,0,0,0,0,0,4.815856397920757,0,0,0,GO:0009063,cellular amino acid catabolic process,3
0,0,0,0,0,0,0,14.798287918629677,8.848554982119573,0,0,0,0,11.192966443686364,9.407768985075302,0,0,0,0,12.401238598418034,9.452289632373118,14.953866794063721,4.778640558591173,GO:0009067,aspartate family amino acid biosynthetic process,8
0,0,0,0,0,0,0,11.928876894785862,6.494863245581047,0,0,0,0,8.56454498147446,7.086839631029015,0,0,0,0,9.758163410981568,7.105749869530209,12.291796533537106,0,GO:0009069,serine family amino acid metabolic process,1
0,0,0,0,0,0,0,0,0,0,0,0,0,0,4.413138128264826,0,0,0,0,0,4.441766297307988,0,0,GO:0009088,threonine biosynthetic process,14
0,0,0,0,0,0,0,0,0,0,0,0,0,6.6574519893906405,0,0,0,0,0,0,0,0,0,GO:0009095,"aromatic amino acid family biosynthetic process, prephenate pathway",3
0,0,0,0,0,0,0,0,6.8391060877057255,0,0,0,0,0,10.288623377500873,0,0,0,0,0,4.625681182705665,0,0,GO:0009097,isoleucine biosynthetic process,21
0,0,0,0,0,0,0,0,0,0,0,0,0,0,0,0,0,0,0,0,0,0,6.208114946958714,GO:0009113,purine nucleobase biosynthetic process,4
0,0,0,0,0,0,0,0,5.054266932521304,0,0,0,0,0,9.630529446917572,0,0,0,0,0,5.440752102895369,0,0,GO:0009150,purine ribonucleotide metabolic process,6
0,0,0,0,0,0,0,0,4.940340876782231,0,0,0,0,0,5.325383565423011,0,0,0,0,7.137102647528815,5.30012308526885,0,4.822116621643951,GO:0009220,pyrimidine ribonucleotide biosynthetic process,3
0,0,0,4.939891470449353,0,0,0,0,0,0,0,0,0,0,0,0,0,0,0,0,0,0,0,GO:0009225,nucleotide-sugar metabolic process,35
0,0,5.596086518240727,0,0,0,0,0,0,0,0,0,6.297520148776457,0,0,0,0,0,0,0,0,0,0,GO:0009226,nucleotide-sugar biosynthetic process,6
0,0,0,0,0,0,0,0,0,0,0,7.2089268327129705,0,5.941998199753612,0,0,0,0,0,0,0,0,0,GO:0009228,thiamine biosynthetic process,10
0,0,0,0,0,0,0,0,0,0,0,0,0,0,4.424310909026919,0,0,0,0,0,7.8378417564939955,0,0,GO:0009229,thiamine diphosphate biosynthetic process,12
0,0,5.596086518240727,0,0,0,0,0,0,0,0,0,6.297520148776457,0,0,0,0,0,0,0,0,0,0,GO:0009247,glycolipid biosynthetic process,10
0,0,0,19.408905122288925,0,0,0,6.515619655282425,8.63044935978855,0,0,0,0,51.448451502162555,0,12.248397676478056,0,0,0,57.693427340984684,0,6.863272160355761,7.8371874582272225,GO:0009267,cellular response to starvation,15
0,0,0,0,0,0,0,0,0,0,0,0,0,5.209923359093357,0,0,0,0,0,0,0,0,0,GO:0009294,DNA mediated transformation,35
0,0,0,11.53661405562496,0,0,0,5.425056413798933,0,0,0,0,7.793109047286813,6.419810904855331,0,0,0,0,0,10.961527798712916,0,0,0,GO:0009298,GDP-mannose biosynthetic process,7
0,0,0,0,0,0,0,6.198452995466713,0,0,0,0,0,0,8.764581299739056,0,0,0,0,8.370587133753336,5.720219364152446,6.456843641340452,0,GO:0009299,mRNA transcription,11
0,0,0,0,0,0,0,6.092956899577277,5.116168941242225,0,0,0,0,0,0,0,0,0,0,0,0,0,0,GO:0009301,snRNA transcription,2
0,0,0,0,0,0,0,0,0,0,0,4.36641618270816,0,0,0,0,0,0,0,0,0,0,0,GO:0009303,rRNA transcription,2
0,0,0,0,0,0,0,0,10.962385799087512,0,0,0,0,0,11.17276776573995,5.522745586817903,0,0,0,0,14.92905939208129,0,15.70901104509155,GO:0009306,protein secretion,34
0,0,0,0,0,0,0,0,0,0,0,7.525325744705708,6.331361047812961,6.506914228856089,0,0,0,0,0,0,0,0,0,GO:0009395,phospholipid catabolic process,13
0,0,4.980606252266728,0,0,0,0,0,0,0,0,0,0,0,4.467557595459378,0,0,0,0,0,4.353377527644259,0,0,GO:0009396,folic acid-containing compound biosynthetic process,11
0,0,4.572476581022312,0,0,0,0,0,0,0,0,0,0,0,0,0,0,0,0,0,0,0,0,GO:0009398,FMN biosynthetic process,1
0,0,0,0,0,0,0,0,5.691569780871991,0,0,0,0,0,0,0,0,0,0,0,0,0,0,GO:0009407,toxin catabolic process,52
0,0,0,0,0,0,0,0,0,0,0,0,0,5.545146935173409,0,0,0,0,0,0,0,0,0,GO:0009411,response to UV,43
0,0,0,0,0,0,0,0,0,4.5998713205582,0,0,0,0,0,0,0,0,0,0,0,0,0,GO:0009413,response to flooding,9
0,0,0,0,0,0,0,8.08273773965211,4.593843256142662,0,0,0,0,0,4.870622223943219,0,0,0,0,0,0,0,0,GO:0009439,cyanate metabolic process,3
0,0,0,0,0,0,0,0,0,6.248358068332673,0,0,0,0,0,0,0,0,0,0,0,0,0,GO:0009443,pyridoxal 5'-phosphate salvage,4
0,0,0,0,0,0,0,6.2827677853591535,4.811809914549277,0,0,0,0,0,0,0,0,0,0,0,0,9.911455740903573,0,GO:0009446,putrescine biosynthetic process,5
0,0,0,0,0,0,0,0,0,0,0,0,0,4.893563146344087,0,0,0,0,0,0,0,0,0,GO:0009607,response to biotic stimulus,22
0,0,0,0,0,0,0,0,0,0,0,0,0,0,0,5.078748843856962,0,0,0,0,0,0,0,GO:0009610,response to symbiotic fungus,13
0,5.673261645247072,0,4.715364103588247,0,0,0,0,0,0,0,0,0,0,0,6.811536261417405,0,0,0,8.538588907745973,0,0,0,GO:0009625,response to insect,29
0,0,0,0,0,0,0,0,0,0,0,0,0,12.235773033926955,0,0,0,0,0,14.946450818716933,0,0,0,GO:0009629,response to gravity,5
0,0,0,0,0,0,0,4.3325709814407265,6.161035889486097,0,0,0,0,0,6.406878596476999,0,0,0,0,0,0,0,5.99344519631102,GO:0009637,response to blue light,56
0,0,0,0,0,0,0,0,7.471670053607697,0,0,0,0,9.578895980920574,4.522675087715056,0,0,0,0,0,0,0,0,GO:0009643,photosynthetic acclimation,8
0,0,4.883530091753166,0,0,0,0,0,0,0,0,0,0,0,0,0,0,0,0,0,0,0,0,GO:0009645,response to low light intensity stimulus,12
0,0,0,0,0,0,0,7.558033780402349,6.64378031944986,0,0,0,0,4.472875455320799,7.555718657813365,0,0,0,0,5.501208251907534,0,7.85869103854125,4.359737698008543,GO:0009646,response to absence of light,60
0,0,0,0,0,0,0,0,0,0,0,6.9839274083210885,5.829849128144163,5.398964583550151,0,0,0,0,0,0,0,0,0,GO:0009650,UV protection,7
0,0,0,0,0,0,0,5.632346938224663,0,0,0,0,0,0,0,0,0,0,0,0,0,0,0,GO:0009653,anatomical structure morphogenesis,4
0,0,0,0,0,0,0,0,0,0,0,0,0,0,0,0,0,0,0,0,6.157851372841507,0,0,GO:0009658,chloroplast organization,184
0,0,0,0,0,0,0,0,0,0,0,0,0,6.1599359485016985,0,0,0,0,0,0,0,0,0,GO:0009660,amyloplast organization,3
0,0,0,0,0,0,0,0,7.255368162222335,0,0,0,0,0,4.464207255021947,0,0,0,0,0,11.971992095758813,0,0,GO:0009661,chromoplast organization,2
0,0,0,0,0,0,0,0,7.255368162222335,0,0,0,0,0,4.464207255021947,0,0,0,0,0,11.971992095758813,0,0,GO:0009662,etioplast organization,3
0,0,0,0,0,0,0,6.408480458365563,0,0,0,0,0,4.333159711730846,5.960215165155631,0,0,0,0,5.30670960158999,0,6.895954612051141,8.327554696546756,GO:0009664,plant-type cell wall organization,66
0,0,0,0,0,0,0,0,0,0,0,0,0,6.736596310570406,0,0,0,0,0,4.503698099722554,0,0,0,GO:0009685,gibberellin metabolic process,3
0,0,5.814994002054762,0,0,0,0,0,5.477546122328156,0,0,0,0,0,5.59580395949322,0,0,0,0,0,5.41082748489252,0,5.284408648415137,GO:0009687,abscisic acid metabolic process,7
0,0,0,0,0,0,0,0,8.620807771732789,0,0,0,0,5.612329523213624,9.469814184584651,0,0,0,0,6.83411309736051,12.661648500461244,0,5.875289702773731,GO:0009693,ethylene biosynthetic process,38
0,0,0,0,0,0,0,0,4.473630750126037,0,0,0,0,0,5.023233885627271,0,0,0,0,0,5.097989592838428,0,0,GO:0009695,jasmonic acid biosynthetic process,23
0,0,0,0,0,0,0,0,6.642402317308622,0,0,0,0,0,0,0,0,0,0,0,5.000424045917261,0,0,GO:0009725,response to hormone,11
0,0,0,4.650019303586002,0,0,0,0,0,0,0,0,0,0,0,0,0,0,0,0,0,0,0,GO:0009729,detection of brassinosteroid stimulus,3
0,0,0,0,0,0,0,0,0,5.187505464431417,0,0,0,0,0,0,0,0,0,0,0,0,0,GO:0009738,abscisic acid-activated signaling pathway,304
0,0,0,0,0,0,0,10.548811638526498,4.883231932709728,0,0,0,0,0,5.4041127149690205,0,0,0,0,4.699700002260051,5.365321369038007,15.511758435463994,7.286054890239458,GO:0009743,response to carbohydrate,7
0,0,0,0,0,0,0,0,0,5.170485164445394,0,0,0,0,0,6.3082847475269,0,0,0,0,0,0,0,GO:0009749,response to glucose,62
0,5.014124593326082,0,0,0,0,0,0,5.648513280104512,0,0,0,0,0,6.071632007551854,6.146098549325112,0,0,0,0,0,0,0,GO:0009751,response to salicylic acid,197
0,0,4.690559515184278,4.769564846889953,0,0,0,0,5.242339844220264,0,0,0,0,0,5.716230178194847,0,0,0,0,0,0,0,7.9127317011500855,GO:0009753,response to jasmonic acid,190
0,0,0,0,0,0,0,0,5.107986180402464,0,0,0,0,0,5.479160249697472,0,0,0,0,0,0,0,4.956110583702173,GO:0009785,blue light signaling pathway,29
0,0,0,0,0,0,0,0,0,0,0,7.636108040735065,0,0,0,0,0,0,0,0,0,0,0,GO:0009790,embryo development,117
0,0,0,0,0,0,0,0,0,0,0,0,0,0,0,0,0,0,0,0,0,0,9.230975618156736,GO:0009821,alkaloid biosynthetic process,12
0,0,5.6648051459381765,0,0,0,0,0,0,0,0,0,0,0,0,0,0,0,0,0,0,0,0,GO:0009823,cytokinin catabolic process,8
0,0,0,0,0,0,0,0,0,0,0,0,0,0,0,4.53730750872108,0,0,0,0,0,0,0,GO:0009825,multidimensional cell growth,40
0,0,0,0,0,0,0,5.37963129201724,15.620504702609987,0,0,0,4.681893972724481,6.003254252799515,13.255761320062929,0,0,0,0,7.292563639526483,20.564449553100168,5.7311571771616405,8.954794238632509,GO:0009830,cell wall modification involved in abscission,2
0,0,0,0,0,0,0,0,0,0,0,0,0,5.584950778679415,0,0,0,0,0,6.435128371310141,0,0,0,GO:0009833,plant-type primary cell wall biogenesis,21
0,0,0,0,0,0,0,8.37011810515673,4.7167795622732465,0,0,0,0,10.513513287593204,8.951977351936742,0,0,0,0,11.7677736791717,5.090089945883642,0,12.411477995190769,GO:0009838,abscission,12
0,0,0,0,0,0,0,0,0,0,0,0,0,4.3297300837210555,0,0,0,0,0,0,0,0,0,GO:0009866,"induced systemic resistance, ethylene mediated signaling pathway",6
0,0,0,0,0,0,0,0,0,0,0,0,0,0,5.014762433867872,0,0,0,0,0,4.977021145833161,0,0,GO:0009908,flower development,262
0,0,0,0,0,0,0,0,0,0,0,0,0,0,0,4.70384034156045,0,0,0,0,0,0,0,GO:0009910,negative regulation of flower development,76
0,6.903506480395138,5.812290873455815,0,0,0,0,0,4.725824850407711,0,0,0,0,0,0,0,0,0,0,0,5.168283133421661,0,4.67200785283117,GO:0009915,phloem sucrose loading,4
0,0,0,0,0,0,0,0,0,0,0,0,0,0,0,0,0,0,0,0,4.843836398429553,0,0,GO:0009954,proximal/distal pattern formation,2
0,0,0,0,0,0,0,16.611810830916127,6.937709960834587,4.7149512804311025,0,0,0,36.89496787919377,12.31412890355914,5.254888699223079,0,0,0,39.23565234935859,4.672427012046744,13.800173149269485,6.518825054016152,GO:0010019,chloroplast-nucleus signaling pathway,16
0,0,0,0,0,0,0,15.472404331070218,8.364599607315132,0,0,0,0,24.447305079246632,9.08760998973157,0,0,0,0,27.49951486670423,6.022095831401835,16.128684310853473,8.211659312290795,GO:0010021,amylopectin biosynthetic process,8
0,0,0,0,0,0,0,6.345147095344998,5.447358023418862,0,0,0,0,0,0,0,0,0,0,0,0,6.902182148309098,5.258446600863484,GO:0010024,phytochromobilin biosynthetic process,6
0,0,5.3825859430292855,0,0,0,0,0,0,0,0,0,0,0,0,0,0,0,0,0,0,0,0,GO:0010031,circumnutation,11
0,0,0,0,0,0,0,0,14.438600536387957,0,0,0,6.438119024831112,0,14.91172436213554,0,0,0,0,0,14.801901089581333,0,14.188211967427431,GO:0010037,response to carbon dioxide,17
0,0,0,0,0,0,0,0,4.481539822406799,0,0,0,0,6.393916965564512,0,0,0,0,0,0,0,0,0,GO:0010046,response to mycotoxin,3
0,0,0,0,0,0,0,0,5.457569444367857,0,0,0,0,0,0,0,0,0,0,0,5.9230413762669025,0,5.370163631804921,GO:0010053,root epidermal cell differentiation,31
0,0,0,0,0,0,0,12.433157447457678,4.449470201915219,0,0,0,0,22.20130900184774,7.054810618078186,0,0,0,0,19.12092959560479,0,13.284958616823555,5.961220219437627,GO:0010062,negative regulation of trichoblast fate specification,2
0,0,0,7.977805922127638,0,0,0,0,0,0,0,0,0,0,0,4.514670765234704,0,0,0,0,0,0,0,GO:0010064,embryonic shoot morphogenesis,1
0,0,0,0,0,0,0,0,0,0,0,0,0,5.568621225134327,0,0,0,0,0,0,0,0,0,GO:0010075,regulation of meristem growth,26
0,0,0,0,0,0,0,0,9.617366336402267,0,0,0,0,0,4.846039009789612,0,0,0,0,0,7.5444157810228765,0,0,GO:0010076,maintenance of floral meristem identity,10
0,0,4.712085999251938,0,0,0,0,0,0,0,0,0,0,0,0,0,0,0,0,0,0,0,0,GO:0010078,maintenance of root meristem identity,20
0,0,0,0,0,0,0,0,6.802003961477524,0,0,0,0,0,4.481697582133428,0,0,0,0,4.759430331677842,0,0,4.777228858576302,GO:0010080,regulation of floral meristem growth,3
0,0,0,0,0,0,0,28.053818377018207,20.05049025317744,0,0,0,0,21.732014335041246,22.622933748656138,0,0,0,0,33.66702586722166,25.39052093509691,25.329313376887303,26.407458042900124,GO:0010082,regulation of root meristem growth,36
0,8.580323167054503,0,0,0,0,0,0,0,14.409882028092781,0,0,0,6.220381978756991,0,0,0,0,0,0,0,5.560942116292781,0,GO:0010086,embryonic root morphogenesis,7
0,0,0,0,0,0,0,0,0,0,0,0,0,5.006435130976469,0,0,0,0,0,0,0,0,0,GO:0010087,phloem or xylem histogenesis,41
0,0,0,0,0,0,0,0,0,0,0,0,0,0,5.52808311021317,0,0,0,0,0,0,0,0,GO:0010089,xylem development,36
0,0,4.982440844203531,0,0,0,0,0,5.309329287499095,0,0,0,0,5.37725509162062,6.490404416816578,7.401811936238272,0,0,0,4.590767863364613,6.46384728026372,0,7.876374909227914,GO:0010091,trichome branching,32
0,0,0,0,0,0,0,0,0,9.766977671234853,0,0,0,0,0,0,0,0,0,0,0,0,0,GO:0010093,specification of floral organ identity,10
0,0,0,0,0,0,0,0,0,9.879769475461083,0,0,0,0,0,0,0,0,0,0,0,0,0,GO:0010094,specification of carpel identity,1
0,0,5.992831125043137,0,0,0,0,0,0,0,0,0,6.703940554999452,0,0,0,0,0,0,0,0,0,0,GO:0010104,regulation of ethylene-activated signaling pathway,12
0,0,0,0,0,0,0,0,5.888294948254479,0,0,0,0,0,6.263320602676842,0,0,0,0,0,0,0,5.821368349946562,GO:0010105,negative regulation of ethylene-activated signaling pathway,18
0,0,0,0,0,0,0,0,0,0,0,0,0,0,0,0,0,0,0,0,0,0,9.948595690861984,GO:0010115,regulation of abscisic acid biosynthetic process,7
0,0,0,0,0,0,0,0,0,0,0,0,0,0,0,0,0,0,0,0,0,0,5.061812800222973,GO:0010118,stomatal movement,36
0,0,0,0,0,0,0,0,0,0,0,0,0,7.006604474950047,0,0,0,0,0,0,0,0,0,GO:0010121,arginine catabolic process to proline via ornithine,1
0,0,0,0,0,0,0,0,6.286956050817632,0,0,0,0,0,0,0,0,0,0,0,0,0,0,GO:0010133,proline catabolic process to glutamate,4
0,0,0,0,0,0,0,6.010605175721678,0,0,0,0,0,0,0,0,0,0,0,0,0,0,0,GO:0010157,response to chlorate,1
0,0,0,0,0,0,0,0,5.807034602238879,0,0,0,0,0,0,0,0,0,0,0,0,0,5.746348001305351,GO:0010187,negative regulation of seed germination,24
0,0,0,0,0,0,0,0,0,0,0,0,0,0,0,0,0,0,0,4.330916626338307,0,0,0,GO:0010189,vitamin E biosynthetic process,12
0,0,0,0,0,0,0,0,4.3410834956657505,0,0,0,0,0,0,0,0,0,0,0,0,0,0,GO:0010216,maintenance of DNA methylation,17
0,0,0,0,0,0,0,0,0,0,0,0,0,0,0,0,0,0,0,0,0,0,6.6990851663169435,GO:0010218,response to far red light,58
0,0,0,0,0,0,0,0,0,0,0,0,0,8.657928666312051,0,0,0,0,0,0,0,0,0,GO:0010226,response to lithium ion,7
0,0,0,0,0,0,0,0,0,0,0,0,0,0,0,0,4.897522349462163,0,0,0,0,0,0,GO:0010233,phloem transport,14
0,0,0,0,0,0,0,12.562549683634627,9.346083282029822,0,0,0,0,0,8.563790508285113,0,4.463788136740624,0,0,6.339991253526917,9.650189317647067,6.19391301788524,8.330089221093672,GO:0010234,anther wall tapetum cell fate specification,1
0,0,0,0,0,0,0,0,0,0,0,0,0,0,4.466502393749956,0,0,0,0,0,0,0,0,GO:0010235,guard mother cell cytokinesis,6
0,0,4.709687839284621,0,0,0,0,0,18.54132677522407,0,0,0,5.1642469477112645,14.443058937986182,19.889396321077893,0,0,0,0,0,12.208928266202875,0,18.326913445118837,GO:0010249,auxin conjugate metabolic process,1
0,0,0,0,0,0,0,0,9.816270192555733,0,0,0,0,6.980858907364429,10.453017500134921,0,0,0,0,7.789711269581075,6.038225984243188,9.509015913524914,5.500004496750494,GO:0010255,glucose mediated signaling pathway,7
0,0,0,0,0,0,0,0,0,0,0,0,0,5.8055550070854425,0,0,0,0,0,0,0,0,0,GO:0010266,response to vitamin B1,1
0,0,0,0,0,0,0,0,7.471670053607697,0,0,0,0,9.578895980920574,4.522675087715056,0,0,0,0,0,0,0,0,GO:0010268,brassinosteroid homeostasis,33
0,0,0,0,0,0,0,0,6.988639419525952,0,0,0,0,0,7.614787003227963,0,0,0,0,7.72199942564067,7.551586812358122,0,6.6937074334154225,GO:0010269,response to selenium ion,1
0,0,0,0,0,0,0,14.85353202608325,9.448082349234731,0,0,0,0,13.314784375968758,11.551853918802848,0,0,0,0,17.434345024247577,9.452616311796383,11.081837329311083,8.50620524702785,GO:0010270,photosystem II oxygen evolving complex assembly,4
0,0,0,0,0,0,0,0,5.324653293010846,0,0,0,0,0,5.847522575211398,0,0,0,0,8.59472413622613,0,0,5.133805174933531,GO:0010271,regulation of chlorophyll catabolic process,3
0,0,0,0,0,0,0,0,0,0,0,0,0,0,0,4.394254010093928,0,0,0,0,0,0,0,GO:0010272,response to silver ion,8
0,0,0,0,0,0,0,0,0,5.359278823863344,0,0,0,0,0,0,0,0,0,0,0,0,0,GO:0010275,NAD(P)H dehydrogenase complex assembly,4
0,0,0,0,0,0,0,0,0,0,0,7.632973541353769,0,0,0,0,0,0,0,0,0,0,0,GO:0010306,rhamnogalacturonan II biosynthetic process,13
0,5.8303717307411285,4.692585294952404,0,0,0,0,0,0,0,0,0,0,0,0,0,0,0,0,0,0,0,0,GO:0010315,auxin efflux,24
0,6.4436678897552255,0,0,0,0,0,0,0,0,0,0,0,0,0,0,0,0,0,0,0,0,0,GO:0010321,regulation of vegetative phase change,4
0,0,0,0,0,0,0,0,0,0,0,0,0,0,0,0,0,0,0,0,5.114915005371701,0,0,GO:0010332,response to gamma radiation,18
0,0,0,0,0,0,0,0,0,4.810445785211687,0,0,0,0,0,0,0,0,0,0,0,0,0,GO:0010352,lithium ion export across the plasma membrane,1
0,0,0,5.370990497090736,0,0,0,0,0,0,0,0,0,0,0,0,0,0,0,0,0,0,0,GO:0010359,regulation of anion channel activity,5
0,0,0,0,0,0,0,0,0,0,0,5.9714894609674225,0,0,0,0,0,0,0,0,0,0,0,GO:0010363,regulation of plant-type hypersensitive response,9
0,0,0,0,0,0,0,0,0,0,0,4.849102914055294,0,0,0,0,0,0,0,0,0,0,0,GO:0010364,regulation of ethylene biosynthetic process,4
0,0,0,0,0,0,0,0,0,5.025027902480465,0,0,0,0,0,0,0,0,0,0,0,0,0,GO:0010374,stomatal complex development,11
0,0,0,0,0,0,0,0,0,10.907624847866183,0,0,0,0,0,0,0,0,0,0,0,0,0,GO:0010401,pectic galactan metabolic process,1
0,0,10.00766090507052,0,0,0,0,0,0,11.620894403109762,0,0,0,0,0,0,0,0,0,0,0,0,0,GO:0010407,non-classical arabinogalactan protein metabolic process,2
0,0,0,0,0,0,0,0,0,8.51758830026426,0,0,0,0,0,0,0,0,0,0,0,0,0,GO:0010409,extensin metabolic process,3
0,0,0,0,0,0,0,0,0,0,0,0,0,5.839068983452236,0,0,0,0,0,10.508640497823409,0,9.450928590140691,0,GO:0010434,bract formation,1
0,0,0,0,0,0,0,8.532139227629827,5.515410499281031,0,0,0,0,11.69480410128221,6.402678029573606,0,0,0,0,14.39396073036955,0,9.01659359286676,7.030611192997472,GO:0010451,floral meristem growth,1
0,0,0,5.577098051261225,0,0,0,0,0,0,0,0,0,0,0,0,0,0,0,0,0,0,0,GO:0010452,histone H3-K36 methylation,5
0,0,0,0,0,0,0,0,0,0,0,0,0,5.983962610601337,0,0,0,0,0,11.544346563154495,0,0,0,GO:0010476,gibberellin mediated signaling pathway,4
0,6.903506480395138,5.812290873455815,0,0,0,0,0,4.725824850407711,0,0,0,0,0,0,0,0,0,0,0,5.168283133421661,0,4.67200785283117,GO:0010478,chlororespiration,1
0,0,0,0,0,0,0,10.132514983848676,17.02823292949747,0,0,0,0,13.873475704876197,18.136364099446194,0,0,0,0,20.593248771008945,18.241502483155124,6.001058323337917,24.499974024505693,GO:0010481,epidermal cell division,1
0,0,0,0,0,0,0,0,0,0,0,0,0,4.924722785348,0,0,0,0,0,0,0,0,0,GO:0010493,Lewis a epitope biosynthetic process,2
0,0,0,0,0,0,0,0,0,0,0,0,0,7.280962953406726,6.127962317545979,0,0,0,0,0,0,0,5.773518755317665,GO:0010497,plasmodesmata-mediated intercellular transport,21
0,0,0,0,0,0,0,0,0,0,0,0,0,4.734421371595285,0,0,0,0,0,5.475376701715548,0,0,0,GO:0010529,negative regulation of transposition,1
0,0,0,0,0,0,0,0,6.802127010958949,0,0,0,0,0,7.997378260030712,0,0,0,0,4.578104097653854,10.076394979320021,0,10.14499226696782,GO:0010582,floral meristem determinacy,12
0,0,0,0,0,0,0,0,0,5.008010106962719,0,0,0,0,0,0,0,0,0,0,0,0,0,GO:0010585,glutamine secretion,1
0,0,0,0,0,0,0,10.306524737637863,7.104885689970472,0,0,0,0,5.335266749303412,12.6341571955524,0,0,0,0,4.7984633718680625,6.390568107589077,7.661827866248495,10.328953147896785,GO:0010587,miRNA catabolic process,6
0,0,0,0,0,0,0,0,0,0,0,0,0,6.600094183786889,0,0,0,0,0,0,0,0,0,GO:0010588,cotyledon vascular tissue pattern formation,15
0,0,0,4.679417959748494,0,0,0,0,0,0,0,0,0,0,0,0,0,0,0,0,0,0,0,GO:0010629,negative regulation of gene expression,26
0,0,0,0,0,0,0,6.161538302478756,0,0,0,0,0,0,0,0,0,0,0,4.985901761445013,8.475664547728305,0,0,GO:0010636,positive regulation of mitochondrial fusion,1
0,0,0,0,0,0,0,0,0,0,0,0,0,0,0,0,0,0,0,0,6.224426047717482,4.744883926156951,0,GO:0010647,positive regulation of cell communication,2
0,0,4.774395729431666,0,0,0,0,0,0,0,0,0,0,0,0,0,0,0,0,0,0,0,0,GO:0010929,positive regulation of auxin mediated signaling pathway,4
0,0,0,0,0,0,0,0,0,0,0,0,0,0,10.625671886354038,0,0,0,0,0,0,0,0,GO:0010941,regulation of cell death,1
0,0,0,0,0,0,0,0,0,0,0,0,0,8.984577707612813,7.028615637890837,0,0,0,0,10.578001164207482,0,5.583727938068602,6.105550307455328,GO:0010966,regulation of phosphate transport,1
0,0,0,0,0,0,0,5.137709019920781,0,0,0,0,0,8.512955026390346,0,0,0,0,0,6.631317323611835,0,0,0,GO:0012501,programmed cell death,21
0,0,0,0,0,0,0,8.652407210683116,4.815999115816839,0,0,0,0,6.324608795673877,5.150476336374483,0,0,0,0,7.1759160714317245,5.150339166552539,8.841835649340295,4.642916794325015,GO:0015671,oxygen transport,2
0,0,0,0,0,0,0,0,0,0,0,0,0,4.599409843071389,0,0,0,0,0,0,0,0,0,GO:0015675,nickel cation transport,6
0,0,0,0,0,0,0,0,0,0,0,0,0,0,0,0,0,0,0,4.331927039269939,0,0,0,GO:0015692,lead ion transport,4
0,0,0,0,0,0,0,0,0,0,0,7.632973541353769,0,0,0,0,0,0,0,0,0,0,0,GO:0015746,citrate transport,1
0,0,0,5.010171131409986,0,0,0,0,0,0,0,0,0,0,0,0,0,0,0,0,0,0,0,GO:0015760,glucose-6-phosphate transport,1
0,0,0,0,0,0,0,0,5.496776779098942,0,0,0,0,0,5.846905126206365,0,0,0,0,0,5.889285721027132,0,5.423559513078603,GO:0015805,S-adenosyl-L-methionine transport,2
0,0,0,0,0,0,0,0,0,0,0,0,5.584209556119147,0,0,0,0,0,0,0,0,0,0,GO:0015812,gamma-aminobutyric acid transport,5
0,0,7.2841199534068775,8.22294167195846,0,0,0,0,6.786814810148368,14.349828334828564,0,0,0,4.369893872104913,0,7.3032098221787765,0,0,0,0,0,0,10.591346264115769,GO:0015833,peptide transport,1
0,0,5.6336508844492075,0,0,0,0,0,0,0,0,0,6.305436908156549,0,0,0,0,0,0,0,0,0,0,GO:0015853,adenine transport,2
0,0,0,0,0,0,0,6.776738503105099,0,0,0,0,0,0,0,0,0,0,0,0,0,4.36553864486714,5.354667343253031,GO:0015864,pyrimidine nucleoside transport,2
0,0,0,0,0,0,0,0,0,0,0,0,0,4.544926240135183,0,0,0,0,0,0,0,0,0,GO:0015884,folic acid transport,1
0,0,0,0,0,0,0,0,10.459660109409805,0,0,0,0,0,10.978237591229501,0,0,0,0,0,11.01999907178704,0,10.328457519588756,GO:0015914,phospholipid transport,16
0,4.6409072817564665,0,0,0,0,0,0,0,0,0,0,0,0,0,0,0,0,0,0,0,0,0,GO:0015919,peroxisomal membrane transport,1
0,0,4.704686134824334,0,0,0,0,0,8.002632187516072,0,0,0,0,0,4.820871127191823,0,0,0,0,0,4.822304903828181,0,7.7181140901111585,GO:0015936,coenzyme A metabolic process,2
0,0,0,0,0,0,0,0,8.703135915715984,0,0,0,0,0,9.366145550077933,0,0,0,0,0,9.367338598973793,0,4.804065496530666,GO:0015937,coenzyme A biosynthetic process,20
0,0,0,0,0,0,0,0,0,0,0,0,0,0,0,0,0,0,0,0,0,0,4.3222217809872845,GO:0015969,guanosine tetraphosphate metabolic process,2
0,0,0,0,0,0,0,0,4.464833487877564,0,0,0,0,0,4.748503944880167,0,0,0,0,0,4.794373101338081,0,7.698037914476845,GO:0015990,electron transport coupled proton transport,5
0,0,0,0,0,0,0,0,0,0,0,0,0,0,0,0,0,0,0,0,6.209746817761782,0,0,GO:0015991,ATP hydrolysis coupled proton transport,42
0,0,0,0,0,0,0,0,0,8.179287184827405,0,0,0,0,0,0,0,0,0,0,0,0,0,GO:0015994,chlorophyll metabolic process,11
0,0,5.175783874351187,0,0,0,0,0,7.7880366101129725,0,0,0,5.945808514795136,5.781267732121879,8.340843732356335,0,0,0,0,6.6203489161094815,4.75455711573173,0,0,GO:0015995,chlorophyll biosynthetic process,59
0,0,0,0,0,0,0,9.04193572152472,8.123152596656524,21.88962747837282,0,0,0,16.426564559975024,5.8787450256960545,5.758688663994088,0,0,0,10.279526840707705,5.909813811856922,0,6.178665589966979,GO:0016032,viral process,65
0,0,0,0,0,0,0,0,0,0,0,0,0,0,0,0,0,0,0,0,4.57199945182021,0,0,GO:0016048,detection of temperature stimulus,1
0,0,0,0,0,0,0,4.760463132917004,0,0,0,0,0,0,0,0,0,0,0,0,0,0,0,GO:0016051,carbohydrate biosynthetic process,53
0,0,0,0,0,0,0,0,0,0,0,0,0,0,0,0,0,0,0,4.452202682540332,0,0,0,GO:0016094,polyprenol biosynthetic process,6
0,0,0,0,0,0,0,0,0,0,0,0,0,5.061157711664252,0,0,0,0,0,0,0,0,0,GO:0016095,polyprenol catabolic process,3
0,0,0,0,0,0,0,15.704288579509138,11.337173734961947,0,0,0,0,7.310808010179336,8.695244497203397,0,0,0,0,8.487221327676503,12.257694173914098,15.934156351656219,10.882408111710507,GO:0016121,carotene catabolic process,6
0,0,5.324654195392205,5.65156857247714,0,0,0,0,0,0,0,0,0,0,0,0,0,0,0,0,0,0,4.347114557006864,GO:0016131,brassinosteroid metabolic process,9
0,0,5.141089794770258,0,0,0,0,0,0,0,0,0,0,0,0,0,0,0,0,0,0,0,0,GO:0016139,glycoside catabolic process,10
0,0,0,0,0,0,0,0,4.501990136376591,0,0,0,0,0,0,0,0,0,0,0,4.884358539439142,0,4.4034348420161615,GO:0016458,gene silencing,11
0,0,0,0,0,0,0,0,0,0,0,0,0,0,0,0,0,0,0,0,8.026968559288239,0,0,GO:0016556,mRNA modification,3
0,0,4.99461425156905,0,0,0,0,0,0,0,0,0,0,0,0,0,0,0,0,0,0,0,0,GO:0016560,"protein import into peroxisome matrix, docking",4
0,0,0,0,0,0,0,0,7.471670053607697,0,0,0,0,9.578895980920574,4.522675087715056,0,0,0,0,0,0,0,0,GO:0016925,protein sumoylation,22
0,0,0,0,0,0,0,0,0,4.8548861138782895,0,0,0,0,0,0,0,0,0,0,0,0,0,GO:0017001,antibiotic catabolic process,3
0,0,0,4.368550978008766,0,0,0,0,0,0,0,0,0,0,0,0,0,0,0,0,0,0,0,GO:0017186,"peptidyl-pyroglutamic acid biosynthetic process, using glutaminyl-peptide cyclotransferase",3
0,0,0,0,0,0,0,0,0,0,0,0,6.131792307516975,0,0,0,0,0,0,0,0,0,0,GO:0017198,N-terminal peptidyl-serine acetylation,1
0,0,0,0,0,0,0,0,5.578426220341003,0,0,0,0,6.2830505633369125,0,0,0,0,0,0,0,0,9.496402823199496,GO:0018117,protein adenylylation,3
0,0,0,0,0,0,0,4.5024102609312155,0,0,0,0,0,7.382076783792184,0,0,0,0,0,5.988029084795596,0,0,0,GO:0018131,oxazole or thiazole biosynthetic process,1
0,0,0,0,0,0,0,0,19.041577457601303,0,0,0,0,0,4.455264043888119,0,0,0,0,0,9.888814203103776,0,14.889670584646387,GO:0018171,peptidyl-cysteine oxidation,3
0,0,0,0,0,0,0,0,0,0,0,0,0,0,0,4.4501323322233635,0,0,0,0,0,0,0,GO:0018283,iron incorporation into metallo-sulfur cluster,2
0,0,0,0,0,0,0,0,0,0,0,0,6.549033082730403,0,0,0,0,0,0,0,0,0,0,GO:0018298,protein-chromophore linkage,51
0,0,0,0,0,0,0,0,0,4.586424802515422,0,0,0,0,0,0,6.381728157983158,8.371251213093274,0,0,0,0,0,GO:0018345,protein palmitoylation,5
